[5 6 4 ]
[4 6 7 ]
[4 7 3 ]
[3 7 8 ]
[3 8 2 ]
[2 8 1 ]
[1 8 0 ]
[0 8 10 ]
[10 8 11 ]
[11 8 12 ]
[12 8 16 ]
[12 14 13 ]
[12 15 14 ]
[12 16 15 ]
[8 17 16 ]
[8 18 17 ]
[8 9 18 ]
[6 5 4 ]
[4 7 6 ]
[7 4 3 ]
[7 3 8 ]
[8 3 2 ]
[8 2 1 ]
[8 1 0 ]
[8 0 10 ]
[8 10 11 ]
[8 11 12 ]
[8 12 16 ]
[14 12 13 ]
[15 12 14 ]
[16 12 15 ]
[17 8 16 ]
[18 8 17 ]
[9 8 18 ]
[20 19 42 43 ]
[21 20 43 44 ]
[22 21 44 45 ]
[23 22 45 46 ]
[24 23 46 47 ]
[25 24 47 48 ]
[26 25 48 49 ]
[27 26 49 50 ]
[28 27 50 51 ]
[29 28 51 52 ]
[30 29 52 53 ]
[31 30 53 54 ]
[32 31 54 55 ]
[33 32 55 56 ]
[34 33 56 57 ]
[35 34 57 58 ]
[36 35 58 59 ]
[37 36 59 60 ]
[38 37 60 61 ]
[39 38 61 62 ]
[40 39 62 63 ]
[41 40 63 64 ]
[19 41 64 42 ]
[43 42 65 66 ]
[44 43 66 67 ]
[45 44 67 68 ]
[46 45 68 69 ]
[47 46 69 70 ]
[48 47 70 71 ]
[49 48 71 72 ]
[50 49 72 73 ]
[51 50 73 74 ]
[52 51 74 75 ]
[53 52 75 76 ]
[54 53 76 77 ]
[55 54 77 78 ]
[56 55 78 79 ]
[57 56 79 80 ]
[58 57 80 81 ]
[59 58 81 82 ]
[60 59 82 83 ]
[61 60 83 84 ]
[62 61 84 85 ]
[63 62 85 86 ]
[64 63 86 87 ]
[42 64 87 65 ]
[66 65 88 89 ]
[67 66 89 90 ]
[68 67 90 91 ]
[69 68 91 92 ]
[70 69 92 93 ]
[71 70 93 94 ]
[72 71 94 95 ]
[73 72 95 96 ]
[74 73 96 97 ]
[75 74 97 98 ]
[76 75 98 99 ]
[77 76 99 100 ]
[78 77 100 101 ]
[79 78 101 102 ]
[80 79 102 103 ]
[81 80 103 104 ]
[82 81 104 105 ]
[83 82 105 106 ]
[84 83 106 107 ]
[85 84 107 108 ]
[86 85 108 109 ]
[87 86 109 110 ]
[65 87 110 88 ]
[89 88 111 112 ]
[90 89 112 113 ]
[91 90 113 114 ]
[92 91 114 115 ]
[93 92 115 116 ]
[94 93 116 117 ]
[95 94 117 118 ]
[96 95 118 119 ]
[97 96 119 120 ]
[98 97 120 121 ]
[99 98 121 122 ]
[100 99 122 123 ]
[101 100 123 124 ]
[102 101 124 125 ]
[103 102 125 126 ]
[104 103 126 127 ]
[105 104 127 128 ]
[106 105 128 129 ]
[107 106 129 130 ]
[108 107 130 131 ]
[109 108 131 132 ]
[110 109 132 133 ]
[88 110 133 111 ]
[112 111 134 135 ]
[113 112 135 136 ]
[114 113 136 137 ]
[115 114 137 138 ]
[116 115 138 139 ]
[117 116 139 140 ]
[118 117 140 141 ]
[119 118 141 142 ]
[120 119 142 143 ]
[121 120 143 144 ]
[122 121 144 145 ]
[123 122 145 146 ]
[124 123 146 147 ]
[125 124 147 148 ]
[126 125 148 149 ]
[127 126 149 150 ]
[128 127 150 151 ]
[129 128 151 152 ]
[130 129 152 153 ]
[131 130 153 154 ]
[132 131 154 155 ]
[133 132 155 156 ]
[111 133 156 134 ]
[135 134 157 158 ]
[136 135 158 159 ]
[137 136 159 160 ]
[138 137 160 161 ]
[139 138 161 162 ]
[140 139 162 163 ]
[141 140 163 164 ]
[142 141 164 165 ]
[143 142 165 166 ]
[144 143 166 167 ]
[145 144 167 168 ]
[146 145 168 169 ]
[147 146 169 170 ]
[148 147 170 171 ]
[149 148 171 172 ]
[150 149 172 173 ]
[151 150 173 174 ]
[152 151 174 175 ]
[153 152 175 176 ]
[154 153 176 177 ]
[155 154 177 178 ]
[156 155 178 179 ]
[134 156 179 157 ]
[158 157 180 181 ]
[159 158 181 182 ]
[160 159 182 183 ]
[161 160 183 184 ]
[162 161 184 185 ]
[163 162 185 186 ]
[164 163 186 187 ]
[165 164 187 188 ]
[166 165 188 189 ]
[167 166 189 190 ]
[168 167 190 191 ]
[169 168 191 192 ]
[170 169 192 193 ]
[171 170 193 194 ]
[172 171 194 195 ]
[173 172 195 196 ]
[174 173 196 197 ]
[175 174 197 198 ]
[176 175 198 199 ]
[177 176 199 200 ]
[178 177 200 201 ]
[179 178 201 202 ]
[157 179 202 180 ]
[181 180 203 204 ]
[182 181 204 205 ]
[183 182 205 206 ]
[184 183 206 207 ]
[185 184 207 208 ]
[186 185 208 209 ]
[187 186 209 210 ]
[188 187 210 211 ]
[189 188 211 212 ]
[190 189 212 213 ]
[191 190 213 214 ]
[192 191 214 215 ]
[193 192 215 216 ]
[194 193 216 217 ]
[195 194 217 218 ]
[196 195 218 219 ]
[197 196 219 220 ]
[198 197 220 221 ]
[199 198 221 222 ]
[200 199 222 223 ]
[201 200 223 224 ]
[202 201 224 225 ]
[180 202 225 203 ]
[204 203 226 227 ]
[205 204 227 228 ]
[206 205 228 229 ]
[207 206 229 230 ]
[208 207 230 231 ]
[209 208 231 232 ]
[210 209 232 233 ]
[211 210 233 234 ]
[212 211 234 235 ]
[213 212 235 236 ]
[214 213 236 237 ]
[215 214 237 238 ]
[216 215 238 239 ]
[217 216 239 240 ]
[218 217 240 241 ]
[219 218 241 242 ]
[220 219 242 243 ]
[221 220 243 244 ]
[222 221 244 245 ]
[223 222 245 246 ]
[224 223 246 247 ]
[225 224 247 248 ]
[203 225 248 226 ]
[227 226 249 250 ]
[228 227 250 251 ]
[229 228 251 252 ]
[230 229 252 253 ]
[231 230 253 254 ]
[232 231 254 255 ]
[233 232 255 256 ]
[234 233 256 257 ]
[235 234 257 258 ]
[236 235 258 259 ]
[237 236 259 260 ]
[238 237 260 261 ]
[239 238 261 262 ]
[240 239 262 263 ]
[241 240 263 264 ]
[242 241 264 265 ]
[243 242 265 266 ]
[244 243 266 267 ]
[245 244 267 268 ]
[246 245 268 269 ]
[247 246 269 270 ]
[248 247 270 271 ]
[226 248 271 249 ]
[250 249 272 273 ]
[251 250 273 274 ]
[252 251 274 275 ]
[253 252 275 276 ]
[254 253 276 277 ]
[255 254 277 278 ]
[256 255 278 279 ]
[257 256 279 280 ]
[258 257 280 281 ]
[259 258 281 282 ]
[260 259 282 283 ]
[261 260 283 284 ]
[262 261 284 285 ]
[263 262 285 286 ]
[264 263 286 287 ]
[265 264 287 288 ]
[266 265 288 289 ]
[267 266 289 290 ]
[268 267 290 291 ]
[269 268 291 292 ]
[270 269 292 293 ]
[271 270 293 294 ]
[249 271 294 272 ]
[273 272 295 296 ]
[274 273 296 297 ]
[275 274 297 298 ]
[276 275 298 299 ]
[277 276 299 300 ]
[278 277 300 301 ]
[279 278 301 302 ]
[280 279 302 303 ]
[281 280 303 304 ]
[282 281 304 305 ]
[283 282 305 306 ]
[284 283 306 307 ]
[285 284 307 308 ]
[286 285 308 309 ]
[287 286 309 310 ]
[288 287 310 311 ]
[289 288 311 312 ]
[290 289 312 313 ]
[291 290 313 314 ]
[292 291 314 315 ]
[293 292 315 316 ]
[294 293 316 317 ]
[272 294 317 295 ]
[296 295 318 319 ]
[297 296 319 320 ]
[298 297 320 321 ]
[299 298 321 322 ]
[300 299 322 323 ]
[301 300 323 324 ]
[302 301 324 325 ]
[303 302 325 326 ]
[304 303 326 327 ]
[305 304 327 328 ]
[306 305 328 329 ]
[307 306 329 330 ]
[308 307 330 331 ]
[309 308 331 332 ]
[310 309 332 333 ]
[311 310 333 334 ]
[312 311 334 335 ]
[313 312 335 336 ]
[314 313 336 337 ]
[315 314 337 338 ]
[316 315 338 339 ]
[317 316 339 340 ]
[295 317 340 318 ]
[319 318 341 342 ]
[320 319 342 343 ]
[321 320 343 344 ]
[322 321 344 345 ]
[323 322 345 346 ]
[324 323 346 347 ]
[325 324 347 348 ]
[326 325 348 349 ]
[327 326 349 350 ]
[328 327 350 351 ]
[329 328 351 352 ]
[330 329 352 353 ]
[331 330 353 354 ]
[332 331 354 355 ]
[333 332 355 356 ]
[334 333 356 357 ]
[335 334 357 358 ]
[336 335 358 359 ]
[337 336 359 360 ]
[338 337 360 361 ]
[339 338 361 362 ]
[340 339 362 363 ]
[318 340 363 341 ]
[342 341 364 365 ]
[343 342 365 366 ]
[344 343 366 367 ]
[345 344 367 368 ]
[346 345 368 369 ]
[347 346 369 370 ]
[348 347 370 371 ]
[349 348 371 372 ]
[350 349 372 373 ]
[351 350 373 374 ]
[352 351 374 375 ]
[353 352 375 376 ]
[354 353 376 377 ]
[355 354 377 378 ]
[356 355 378 379 ]
[357 356 379 380 ]
[358 357 380 381 ]
[359 358 381 382 ]
[360 359 382 383 ]
[361 360 383 384 ]
[362 361 384 385 ]
[363 362 385 386 ]
[341 363 386 364 ]
[365 364 387 388 ]
[366 365 388 389 ]
[367 366 389 390 ]
[368 367 390 391 ]
[369 368 391 392 ]
[370 369 392 393 ]
[371 370 393 394 ]
[372 371 394 395 ]
[373 372 395 396 ]
[374 373 396 397 ]
[375 374 397 398 ]
[376 375 398 399 ]
[377 376 399 400 ]
[378 377 400 401 ]
[379 378 401 402 ]
[380 379 402 403 ]
[381 380 403 404 ]
[382 381 404 405 ]
[383 382 405 406 ]
[384 383 406 407 ]
[385 384 407 408 ]
[386 385 408 409 ]
[364 386 409 387 ]
[388 387 410 411 ]
[389 388 411 412 ]
[390 389 412 413 ]
[391 390 413 414 ]
[392 391 414 415 ]
[393 392 415 416 ]
[394 393 416 417 ]
[395 394 417 418 ]
[396 395 418 419 ]
[397 396 419 420 ]
[398 397 420 421 ]
[399 398 421 422 ]
[400 399 422 423 ]
[401 400 423 424 ]
[402 401 424 425 ]
[403 402 425 426 ]
[404 403 426 427 ]
[405 404 427 428 ]
[406 405 428 429 ]
[407 406 429 430 ]
[408 407 430 431 ]
[409 408 431 432 ]
[387 409 432 410 ]
[411 410 433 434 ]
[412 411 434 435 ]
[413 412 435 436 ]
[414 413 436 437 ]
[415 414 437 438 ]
[416 415 438 439 ]
[417 416 439 440 ]
[418 417 440 441 ]
[419 418 441 442 ]
[420 419 442 443 ]
[421 420 443 444 ]
[422 421 444 445 ]
[423 422 445 446 ]
[424 423 446 447 ]
[425 424 447 448 ]
[426 425 448 449 ]
[427 426 449 450 ]
[428 427 450 451 ]
[429 428 451 452 ]
[430 429 452 453 ]
[431 430 453 454 ]
[432 431 454 455 ]
[410 432 455 433 ]
[434 433 456 457 ]
[435 434 457 458 ]
[436 435 458 459 ]
[437 436 459 460 ]
[438 437 460 461 ]
[439 438 461 462 ]
[440 439 462 463 ]
[441 440 463 464 ]
[442 441 464 465 ]
[443 442 465 466 ]
[444 443 466 467 ]
[445 444 467 468 ]
[446 445 468 469 ]
[447 446 469 470 ]
[448 447 470 471 ]
[449 448 471 472 ]
[450 449 472 473 ]
[451 450 473 474 ]
[452 451 474 475 ]
[453 452 475 476 ]
[454 453 476 477 ]
[455 454 477 478 ]
[433 455 478 456 ]
[457 456 479 480 ]
[458 457 480 481 ]
[459 458 481 482 ]
[460 459 482 483 ]
[461 460 483 484 ]
[462 461 484 485 ]
[463 462 485 486 ]
[464 463 486 487 ]
[465 464 487 488 ]
[466 465 488 489 ]
[467 466 489 490 ]
[468 467 490 491 ]
[469 468 491 492 ]
[470 469 492 493 ]
[471 470 493 494 ]
[472 471 494 495 ]
[473 472 495 496 ]
[474 473 496 497 ]
[475 474 497 498 ]
[476 475 498 499 ]
[477 476 499 500 ]
[478 477 500 501 ]
[456 478 501 479 ]
[480 479 502 503 ]
[481 480 503 504 ]
[482 481 504 505 ]
[483 482 505 506 ]
[484 483 506 507 ]
[485 484 507 508 ]
[486 485 508 509 ]
[487 486 509 510 ]
[488 487 510 511 ]
[489 488 511 512 ]
[490 489 512 513 ]
[491 490 513 514 ]
[492 491 514 515 ]
[493 492 515 516 ]
[494 493 516 517 ]
[495 494 517 518 ]
[496 495 518 519 ]
[497 496 519 520 ]
[498 497 520 521 ]
[499 498 521 522 ]
[500 499 522 523 ]
[501 500 523 524 ]
[479 501 524 502 ]
[503 502 525 526 ]
[504 503 526 527 ]
[505 504 527 528 ]
[506 505 528 529 ]
[507 506 529 530 ]
[508 507 530 531 ]
[509 508 531 532 ]
[510 509 532 533 ]
[511 510 533 534 ]
[512 511 534 535 ]
[513 512 535 536 ]
[514 513 536 537 ]
[515 514 537 538 ]
[516 515 538 539 ]
[517 516 539 540 ]
[518 517 540 541 ]
[519 518 541 542 ]
[520 519 542 543 ]
[521 520 543 544 ]
[522 521 544 545 ]
[523 522 545 546 ]
[524 523 546 547 ]
[502 524 547 525 ]
[526 525 548 549 ]
[527 526 549 550 ]
[528 527 550 551 ]
[529 528 551 552 ]
[530 529 552 553 ]
[531 530 553 554 ]
[532 531 554 555 ]
[533 532 555 556 ]
[534 533 556 557 ]
[535 534 557 558 ]
[536 535 558 559 ]
[537 536 559 560 ]
[538 537 560 561 ]
[539 538 561 562 ]
[540 539 562 563 ]
[541 540 563 564 ]
[542 541 564 565 ]
[543 542 565 566 ]
[544 543 566 567 ]
[545 544 567 568 ]
[546 545 568 569 ]
[547 546 569 570 ]
[525 547 570 548 ]
[549 548 571 572 ]
[550 549 572 573 ]
[551 550 573 574 ]
[552 551 574 575 ]
[553 552 575 576 ]
[554 553 576 577 ]
[555 554 577 578 ]
[556 555 578 579 ]
[557 556 579 580 ]
[558 557 580 581 ]
[559 558 581 582 ]
[560 559 582 583 ]
[561 560 583 584 ]
[562 561 584 585 ]
[563 562 585 586 ]
[564 563 586 587 ]
[565 564 587 588 ]
[566 565 588 589 ]
[567 566 589 590 ]
[568 567 590 591 ]
[569 568 591 592 ]
[570 569 592 593 ]
[548 570 593 571 ]
[599 600 598 ]
[598 600 601 ]
[598 601 597 ]
[597 601 602 ]
[597 602 596 ]
[596 602 595 ]
[595 602 594 ]
[594 602 604 ]
[604 602 605 ]
[605 602 606 ]
[606 602 610 ]
[606 608 607 ]
[606 609 608 ]
[606 610 609 ]
[602 611 610 ]
[602 612 611 ]
[602 603 612 ]
[600 599 598 ]
[598 601 600 ]
[601 598 597 ]
[601 597 602 ]
[602 597 596 ]
[602 596 595 ]
[602 595 594 ]
[602 594 604 ]
[602 604 605 ]
[602 605 606 ]
[602 606 610 ]
[608 606 607 ]
[609 606 608 ]
[610 606 609 ]
[611 602 610 ]
[612 602 611 ]
[603 602 612 ]
[614 613 636 637 ]
[615 614 637 638 ]
[616 615 638 639 ]
[617 616 639 640 ]
[618 617 640 641 ]
[619 618 641 642 ]
[620 619 642 643 ]
[621 620 643 644 ]
[622 621 644 645 ]
[623 622 645 646 ]
[624 623 646 647 ]
[625 624 647 648 ]
[626 625 648 649 ]
[627 626 649 650 ]
[628 627 650 651 ]
[629 628 651 652 ]
[630 629 652 653 ]
[631 630 653 654 ]
[632 631 654 655 ]
[633 632 655 656 ]
[634 633 656 657 ]
[635 634 657 658 ]
[613 635 658 636 ]
[637 636 659 660 ]
[638 637 660 661 ]
[639 638 661 662 ]
[640 639 662 663 ]
[641 640 663 664 ]
[642 641 664 665 ]
[643 642 665 666 ]
[644 643 666 667 ]
[645 644 667 668 ]
[646 645 668 669 ]
[647 646 669 670 ]
[648 647 670 671 ]
[649 648 671 672 ]
[650 649 672 673 ]
[651 650 673 674 ]
[652 651 674 675 ]
[653 652 675 676 ]
[654 653 676 677 ]
[655 654 677 678 ]
[656 655 678 679 ]
[657 656 679 680 ]
[658 657 680 681 ]
[636 658 681 659 ]
[660 659 682 683 ]
[661 660 683 684 ]
[662 661 684 685 ]
[663 662 685 686 ]
[664 663 686 687 ]
[665 664 687 688 ]
[666 665 688 689 ]
[667 666 689 690 ]
[668 667 690 691 ]
[669 668 691 692 ]
[670 669 692 693 ]
[671 670 693 694 ]
[672 671 694 695 ]
[673 672 695 696 ]
[674 673 696 697 ]
[675 674 697 698 ]
[676 675 698 699 ]
[677 676 699 700 ]
[678 677 700 701 ]
[679 678 701 702 ]
[680 679 702 703 ]
[681 680 703 704 ]
[659 681 704 682 ]
[683 682 705 706 ]
[684 683 706 707 ]
[685 684 707 708 ]
[686 685 708 709 ]
[687 686 709 710 ]
[688 687 710 711 ]
[689 688 711 712 ]
[690 689 712 713 ]
[691 690 713 714 ]
[692 691 714 715 ]
[693 692 715 716 ]
[694 693 716 717 ]
[695 694 717 718 ]
[696 695 718 719 ]
[697 696 719 720 ]
[698 697 720 721 ]
[699 698 721 722 ]
[700 699 722 723 ]
[701 700 723 724 ]
[702 701 724 725 ]
[703 702 725 726 ]
[704 703 726 727 ]
[682 704 727 705 ]
[706 705 728 729 ]
[707 706 729 730 ]
[708 707 730 731 ]
[709 708 731 732 ]
[710 709 732 733 ]
[711 710 733 734 ]
[712 711 734 735 ]
[713 712 735 736 ]
[714 713 736 737 ]
[715 714 737 738 ]
[716 715 738 739 ]
[717 716 739 740 ]
[718 717 740 741 ]
[719 718 741 742 ]
[720 719 742 743 ]
[721 720 743 744 ]
[722 721 744 745 ]
[723 722 745 746 ]
[724 723 746 747 ]
[725 724 747 748 ]
[726 725 748 749 ]
[727 726 749 750 ]
[705 727 750 728 ]
[729 728 751 752 ]
[730 729 752 753 ]
[731 730 753 754 ]
[732 731 754 755 ]
[733 732 755 756 ]
[734 733 756 757 ]
[735 734 757 758 ]
[736 735 758 759 ]
[737 736 759 760 ]
[738 737 760 761 ]
[739 738 761 762 ]
[740 739 762 763 ]
[741 740 763 764 ]
[742 741 764 765 ]
[743 742 765 766 ]
[744 743 766 767 ]
[745 744 767 768 ]
[746 745 768 769 ]
[747 746 769 770 ]
[748 747 770 771 ]
[749 748 771 772 ]
[750 749 772 773 ]
[728 750 773 751 ]
[752 751 774 775 ]
[753 752 775 776 ]
[754 753 776 777 ]
[755 754 777 778 ]
[756 755 778 779 ]
[757 756 779 780 ]
[758 757 780 781 ]
[759 758 781 782 ]
[760 759 782 783 ]
[761 760 783 784 ]
[762 761 784 785 ]
[763 762 785 786 ]
[764 763 786 787 ]
[765 764 787 788 ]
[766 765 788 789 ]
[767 766 789 790 ]
[768 767 790 791 ]
[769 768 791 792 ]
[770 769 792 793 ]
[771 770 793 794 ]
[772 771 794 795 ]
[773 772 795 796 ]
[751 773 796 774 ]
[775 774 797 798 ]
[776 775 798 799 ]
[777 776 799 800 ]
[778 777 800 801 ]
[779 778 801 802 ]
[780 779 802 803 ]
[781 780 803 804 ]
[782 781 804 805 ]
[783 782 805 806 ]
[784 783 806 807 ]
[785 784 807 808 ]
[786 785 808 809 ]
[787 786 809 810 ]
[788 787 810 811 ]
[789 788 811 812 ]
[790 789 812 813 ]
[791 790 813 814 ]
[792 791 814 815 ]
[793 792 815 816 ]
[794 793 816 817 ]
[795 794 817 818 ]
[796 795 818 819 ]
[774 796 819 797 ]
[798 797 820 821 ]
[799 798 821 822 ]
[800 799 822 823 ]
[801 800 823 824 ]
[802 801 824 825 ]
[803 802 825 826 ]
[804 803 826 827 ]
[805 804 827 828 ]
[806 805 828 829 ]
[807 806 829 830 ]
[808 807 830 831 ]
[809 808 831 832 ]
[810 809 832 833 ]
[811 810 833 834 ]
[812 811 834 835 ]
[813 812 835 836 ]
[814 813 836 837 ]
[815 814 837 838 ]
[816 815 838 839 ]
[817 816 839 840 ]
[818 817 840 841 ]
[819 818 841 842 ]
[797 819 842 820 ]
[821 820 843 844 ]
[822 821 844 845 ]
[823 822 845 846 ]
[824 823 846 847 ]
[825 824 847 848 ]
[826 825 848 849 ]
[827 826 849 850 ]
[828 827 850 851 ]
[829 828 851 852 ]
[830 829 852 853 ]
[831 830 853 854 ]
[832 831 854 855 ]
[833 832 855 856 ]
[834 833 856 857 ]
[835 834 857 858 ]
[836 835 858 859 ]
[837 836 859 860 ]
[838 837 860 861 ]
[839 838 861 862 ]
[840 839 862 863 ]
[841 840 863 864 ]
[842 841 864 865 ]
[820 842 865 843 ]
[844 843 866 867 ]
[845 844 867 868 ]
[846 845 868 869 ]
[847 846 869 870 ]
[848 847 870 871 ]
[849 848 871 872 ]
[850 849 872 873 ]
[851 850 873 874 ]
[852 851 874 875 ]
[853 852 875 876 ]
[854 853 876 877 ]
[855 854 877 878 ]
[856 855 878 879 ]
[857 856 879 880 ]
[858 857 880 881 ]
[859 858 881 882 ]
[860 859 882 883 ]
[861 860 883 884 ]
[862 861 884 885 ]
[863 862 885 886 ]
[864 863 886 887 ]
[865 864 887 888 ]
[843 865 888 866 ]
[867 866 889 890 ]
[868 867 890 891 ]
[869 868 891 892 ]
[870 869 892 893 ]
[871 870 893 894 ]
[872 871 894 895 ]
[873 872 895 896 ]
[874 873 896 897 ]
[875 874 897 898 ]
[876 875 898 899 ]
[877 876 899 900 ]
[878 877 900 901 ]
[879 878 901 902 ]
[880 879 902 903 ]
[881 880 903 904 ]
[882 881 904 905 ]
[883 882 905 906 ]
[884 883 906 907 ]
[885 884 907 908 ]
[886 885 908 909 ]
[887 886 909 910 ]
[888 887 910 911 ]
[866 888 911 889 ]
[890 889 912 913 ]
[891 890 913 914 ]
[892 891 914 915 ]
[893 892 915 916 ]
[894 893 916 917 ]
[895 894 917 918 ]
[896 895 918 919 ]
[897 896 919 920 ]
[898 897 920 921 ]
[899 898 921 922 ]
[900 899 922 923 ]
[901 900 923 924 ]
[902 901 924 925 ]
[903 902 925 926 ]
[904 903 926 927 ]
[905 904 927 928 ]
[906 905 928 929 ]
[907 906 929 930 ]
[908 907 930 931 ]
[909 908 931 932 ]
[910 909 932 933 ]
[911 910 933 934 ]
[889 911 934 912 ]
[913 912 935 936 ]
[914 913 936 937 ]
[915 914 937 938 ]
[916 915 938 939 ]
[917 916 939 940 ]
[918 917 940 941 ]
[919 918 941 942 ]
[920 919 942 943 ]
[921 920 943 944 ]
[922 921 944 945 ]
[923 922 945 946 ]
[924 923 946 947 ]
[925 924 947 948 ]
[926 925 948 949 ]
[927 926 949 950 ]
[928 927 950 951 ]
[929 928 951 952 ]
[930 929 952 953 ]
[931 930 953 954 ]
[932 931 954 955 ]
[933 932 955 956 ]
[934 933 956 957 ]
[912 934 957 935 ]
[936 935 958 959 ]
[937 936 959 960 ]
[938 937 960 961 ]
[939 938 961 962 ]
[940 939 962 963 ]
[941 940 963 964 ]
[942 941 964 965 ]
[943 942 965 966 ]
[944 943 966 967 ]
[945 944 967 968 ]
[946 945 968 969 ]
[947 946 969 970 ]
[948 947 970 971 ]
[949 948 971 972 ]
[950 949 972 973 ]
[951 950 973 974 ]
[952 951 974 975 ]
[953 952 975 976 ]
[954 953 976 977 ]
[955 954 977 978 ]
[956 955 978 979 ]
[957 956 979 980 ]
[935 957 980 958 ]
[959 958 981 982 ]
[960 959 982 983 ]
[961 960 983 984 ]
[962 961 984 985 ]
[963 962 985 986 ]
[964 963 986 987 ]
[965 964 987 988 ]
[966 965 988 989 ]
[967 966 989 990 ]
[968 967 990 991 ]
[969 968 991 992 ]
[970 969 992 993 ]
[971 970 993 994 ]
[972 971 994 995 ]
[973 972 995 996 ]
[974 973 996 997 ]
[975 974 997 998 ]
[976 975 998 999 ]
[977 976 999 1000 ]
[978 977 1000 1001 ]
[979 978 1001 1002 ]
[980 979 1002 1003 ]
[958 980 1003 981 ]
[982 981 1004 1005 ]
[983 982 1005 1006 ]
[984 983 1006 1007 ]
[985 984 1007 1008 ]
[986 985 1008 1009 ]
[987 986 1009 1010 ]
[988 987 1010 1011 ]
[989 988 1011 1012 ]
[990 989 1012 1013 ]
[991 990 1013 1014 ]
[992 991 1014 1015 ]
[993 992 1015 1016 ]
[994 993 1016 1017 ]
[995 994 1017 1018 ]
[996 995 1018 1019 ]
[997 996 1019 1020 ]
[998 997 1020 1021 ]
[999 998 1021 1022 ]
[1000 999 1022 1023 ]
[1001 1000 1023 1024 ]
[1002 1001 1024 1025 ]
[1003 1002 1025 1026 ]
[981 1003 1026 1004 ]
[1005 1004 1027 1028 ]
[1006 1005 1028 1029 ]
[1007 1006 1029 1030 ]
[1008 1007 1030 1031 ]
[1009 1008 1031 1032 ]
[1010 1009 1032 1033 ]
[1011 1010 1033 1034 ]
[1012 1011 1034 1035 ]
[1013 1012 1035 1036 ]
[1014 1013 1036 1037 ]
[1015 1014 1037 1038 ]
[1016 1015 1038 1039 ]
[1017 1016 1039 1040 ]
[1018 1017 1040 1041 ]
[1019 1018 1041 1042 ]
[1020 1019 1042 1043 ]
[1021 1020 1043 1044 ]
[1022 1021 1044 1045 ]
[1023 1022 1045 1046 ]
[1024 1023 1046 1047 ]
[1025 1024 1047 1048 ]
[1026 1025 1048 1049 ]
[1004 1026 1049 1027 ]
[1028 1027 1050 1051 ]
[1029 1028 1051 1052 ]
[1030 1029 1052 1053 ]
[1031 1030 1053 1054 ]
[1032 1031 1054 1055 ]
[1033 1032 1055 1056 ]
[1034 1033 1056 1057 ]
[1035 1034 1057 1058 ]
[1036 1035 1058 1059 ]
[1037 1036 1059 1060 ]
[1038 1037 1060 1061 ]
[1039 1038 1061 1062 ]
[1040 1039 1062 1063 ]
[1041 1040 1063 1064 ]
[1042 1041 1064 1065 ]
[1043 1042 1065 1066 ]
[1044 1043 1066 1067 ]
[1045 1044 1067 1068 ]
[1046 1045 1068 1069 ]
[1047 1046 1069 1070 ]
[1048 1047 1070 1071 ]
[1049 1048 1071 1072 ]
[1027 1049 1072 1050 ]
[1051 1050 1073 1074 ]
[1052 1051 1074 1075 ]
[1053 1052 1075 1076 ]
[1054 1053 1076 1077 ]
[1055 1054 1077 1078 ]
[1056 1055 1078 1079 ]
[1057 1056 1079 1080 ]
[1058 1057 1080 1081 ]
[1059 1058 1081 1082 ]
[1060 1059 1082 1083 ]
[1061 1060 1083 1084 ]
[1062 1061 1084 1085 ]
[1063 1062 1085 1086 ]
[1064 1063 1086 1087 ]
[1065 1064 1087 1088 ]
[1066 1065 1088 1089 ]
[1067 1066 1089 1090 ]
[1068 1067 1090 1091 ]
[1069 1068 1091 1092 ]
[1070 1069 1092 1093 ]
[1071 1070 1093 1094 ]
[1072 1071 1094 1095 ]
[1050 1072 1095 1073 ]
[1074 1073 1096 1097 ]
[1075 1074 1097 1098 ]
[1076 1075 1098 1099 ]
[1077 1076 1099 1100 ]
[1078 1077 1100 1101 ]
[1079 1078 1101 1102 ]
[1080 1079 1102 1103 ]
[1081 1080 1103 1104 ]
[1082 1081 1104 1105 ]
[1083 1082 1105 1106 ]
[1084 1083 1106 1107 ]
[1085 1084 1107 1108 ]
[1086 1085 1108 1109 ]
[1087 1086 1109 1110 ]
[1088 1087 1110 1111 ]
[1089 1088 1111 1112 ]
[1090 1089 1112 1113 ]
[1091 1090 1113 1114 ]
[1092 1091 1114 1115 ]
[1093 1092 1115 1116 ]
[1094 1093 1116 1117 ]
[1095 1094 1117 1118 ]
[1073 1095 1118 1096 ]
[1097 1096 1119 1120 ]
[1098 1097 1120 1121 ]
[1099 1098 1121 1122 ]
[1100 1099 1122 1123 ]
[1101 1100 1123 1124 ]
[1102 1101 1124 1125 ]
[1103 1102 1125 1126 ]
[1104 1103 1126 1127 ]
[1105 1104 1127 1128 ]
[1106 1105 1128 1129 ]
[1107 1106 1129 1130 ]
[1108 1107 1130 1131 ]
[1109 1108 1131 1132 ]
[1110 1109 1132 1133 ]
[1111 1110 1133 1134 ]
[1112 1111 1134 1135 ]
[1113 1112 1135 1136 ]
[1114 1113 1136 1137 ]
[1115 1114 1137 1138 ]
[1116 1115 1138 1139 ]
[1117 1116 1139 1140 ]
[1118 1117 1140 1141 ]
[1096 1118 1141 1119 ]
[1120 1119 1142 1143 ]
[1121 1120 1143 1144 ]
[1122 1121 1144 1145 ]
[1123 1122 1145 1146 ]
[1124 1123 1146 1147 ]
[1125 1124 1147 1148 ]
[1126 1125 1148 1149 ]
[1127 1126 1149 1150 ]
[1128 1127 1150 1151 ]
[1129 1128 1151 1152 ]
[1130 1129 1152 1153 ]
[1131 1130 1153 1154 ]
[1132 1131 1154 1155 ]
[1133 1132 1155 1156 ]
[1134 1133 1156 1157 ]
[1135 1134 1157 1158 ]
[1136 1135 1158 1159 ]
[1137 1136 1159 1160 ]
[1138 1137 1160 1161 ]
[1139 1138 1161 1162 ]
[1140 1139 1162 1163 ]
[1141 1140 1163 1164 ]
[1119 1141 1164 1142 ]
[1143 1142 1165 1166 ]
[1144 1143 1166 1167 ]
[1145 1144 1167 1168 ]
[1146 1145 1168 1169 ]
[1147 1146 1169 1170 ]
[1148 1147 1170 1171 ]
[1149 1148 1171 1172 ]
[1150 1149 1172 1173 ]
[1151 1150 1173 1174 ]
[1152 1151 1174 1175 ]
[1153 1152 1175 1176 ]
[1154 1153 1176 1177 ]
[1155 1154 1177 1178 ]
[1156 1155 1178 1179 ]
[1157 1156 1179 1180 ]
[1158 1157 1180 1181 ]
[1159 1158 1181 1182 ]
[1160 1159 1182 1183 ]
[1161 1160 1183 1184 ]
[1162 1161 1184 1185 ]
[1163 1162 1185 1186 ]
[1164 1163 1186 1187 ]
[1142 1164 1187 1165 ]
[1193 1194 1192 ]
[1192 1194 1195 ]
[1192 1195 1191 ]
[1191 1195 1196 ]
[1191 1196 1190 ]
[1190 1196 1189 ]
[1189 1196 1188 ]
[1188 1196 1198 ]
[1198 1196 1199 ]
[1199 1196 1200 ]
[1200 1196 1204 ]
[1200 1202 1201 ]
[1200 1203 1202 ]
[1200 1204 1203 ]
[1196 1205 1204 ]
[1196 1206 1205 ]
[1196 1197 1206 ]
[1194 1193 1192 ]
[1192 1195 1194 ]
[1195 1192 1191 ]
[1195 1191 1196 ]
[1196 1191 1190 ]
[1196 1190 1189 ]
[1196 1189 1188 ]
[1196 1188 1198 ]
[1196 1198 1199 ]
[1196 1199 1200 ]
[1196 1200 1204 ]
[1202 1200 1201 ]
[1203 1200 1202 ]
[1204 1200 1203 ]
[1205 1196 1204 ]
[1206 1196 1205 ]
[1197 1196 1206 ]
[1208 1207 1230 1231 ]
[1209 1208 1231 1232 ]
[1210 1209 1232 1233 ]
[1211 1210 1233 1234 ]
[1212 1211 1234 1235 ]
[1213 1212 1235 1236 ]
[1214 1213 1236 1237 ]
[1215 1214 1237 1238 ]
[1216 1215 1238 1239 ]
[1217 1216 1239 1240 ]
[1218 1217 1240 1241 ]
[1219 1218 1241 1242 ]
[1220 1219 1242 1243 ]
[1221 1220 1243 1244 ]
[1222 1221 1244 1245 ]
[1223 1222 1245 1246 ]
[1224 1223 1246 1247 ]
[1225 1224 1247 1248 ]
[1226 1225 1248 1249 ]
[1227 1226 1249 1250 ]
[1228 1227 1250 1251 ]
[1229 1228 1251 1252 ]
[1207 1229 1252 1230 ]
[1231 1230 1253 1254 ]
[1232 1231 1254 1255 ]
[1233 1232 1255 1256 ]
[1234 1233 1256 1257 ]
[1235 1234 1257 1258 ]
[1236 1235 1258 1259 ]
[1237 1236 1259 1260 ]
[1238 1237 1260 1261 ]
[1239 1238 1261 1262 ]
[1240 1239 1262 1263 ]
[1241 1240 1263 1264 ]
[1242 1241 1264 1265 ]
[1243 1242 1265 1266 ]
[1244 1243 1266 1267 ]
[1245 1244 1267 1268 ]
[1246 1245 1268 1269 ]
[1247 1246 1269 1270 ]
[1248 1247 1270 1271 ]
[1249 1248 1271 1272 ]
[1250 1249 1272 1273 ]
[1251 1250 1273 1274 ]
[1252 1251 1274 1275 ]
[1230 1252 1275 1253 ]
[1254 1253 1276 1277 ]
[1255 1254 1277 1278 ]
[1256 1255 1278 1279 ]
[1257 1256 1279 1280 ]
[1258 1257 1280 1281 ]
[1259 1258 1281 1282 ]
[1260 1259 1282 1283 ]
[1261 1260 1283 1284 ]
[1262 1261 1284 1285 ]
[1263 1262 1285 1286 ]
[1264 1263 1286 1287 ]
[1265 1264 1287 1288 ]
[1266 1265 1288 1289 ]
[1267 1266 1289 1290 ]
[1268 1267 1290 1291 ]
[1269 1268 1291 1292 ]
[1270 1269 1292 1293 ]
[1271 1270 1293 1294 ]
[1272 1271 1294 1295 ]
[1273 1272 1295 1296 ]
[1274 1273 1296 1297 ]
[1275 1274 1297 1298 ]
[1253 1275 1298 1276 ]
[1277 1276 1299 1300 ]
[1278 1277 1300 1301 ]
[1279 1278 1301 1302 ]
[1280 1279 1302 1303 ]
[1281 1280 1303 1304 ]
[1282 1281 1304 1305 ]
[1283 1282 1305 1306 ]
[1284 1283 1306 1307 ]
[1285 1284 1307 1308 ]
[1286 1285 1308 1309 ]
[1287 1286 1309 1310 ]
[1288 1287 1310 1311 ]
[1289 1288 1311 1312 ]
[1290 1289 1312 1313 ]
[1291 1290 1313 1314 ]
[1292 1291 1314 1315 ]
[1293 1292 1315 1316 ]
[1294 1293 1316 1317 ]
[1295 1294 1317 1318 ]
[1296 1295 1318 1319 ]
[1297 1296 1319 1320 ]
[1298 1297 1320 1321 ]
[1276 1298 1321 1299 ]
[1300 1299 1322 1323 ]
[1301 1300 1323 1324 ]
[1302 1301 1324 1325 ]
[1303 1302 1325 1326 ]
[1304 1303 1326 1327 ]
[1305 1304 1327 1328 ]
[1306 1305 1328 1329 ]
[1307 1306 1329 1330 ]
[1308 1307 1330 1331 ]
[1309 1308 1331 1332 ]
[1310 1309 1332 1333 ]
[1311 1310 1333 1334 ]
[1312 1311 1334 1335 ]
[1313 1312 1335 1336 ]
[1314 1313 1336 1337 ]
[1315 1314 1337 1338 ]
[1316 1315 1338 1339 ]
[1317 1316 1339 1340 ]
[1318 1317 1340 1341 ]
[1319 1318 1341 1342 ]
[1320 1319 1342 1343 ]
[1321 1320 1343 1344 ]
[1299 1321 1344 1322 ]
[1323 1322 1345 1346 ]
[1324 1323 1346 1347 ]
[1325 1324 1347 1348 ]
[1326 1325 1348 1349 ]
[1327 1326 1349 1350 ]
[1328 1327 1350 1351 ]
[1329 1328 1351 1352 ]
[1330 1329 1352 1353 ]
[1331 1330 1353 1354 ]
[1332 1331 1354 1355 ]
[1333 1332 1355 1356 ]
[1334 1333 1356 1357 ]
[1335 1334 1357 1358 ]
[1336 1335 1358 1359 ]
[1337 1336 1359 1360 ]
[1338 1337 1360 1361 ]
[1339 1338 1361 1362 ]
[1340 1339 1362 1363 ]
[1341 1340 1363 1364 ]
[1342 1341 1364 1365 ]
[1343 1342 1365 1366 ]
[1344 1343 1366 1367 ]
[1322 1344 1367 1345 ]
[1346 1345 1368 1369 ]
[1347 1346 1369 1370 ]
[1348 1347 1370 1371 ]
[1349 1348 1371 1372 ]
[1350 1349 1372 1373 ]
[1351 1350 1373 1374 ]
[1352 1351 1374 1375 ]
[1353 1352 1375 1376 ]
[1354 1353 1376 1377 ]
[1355 1354 1377 1378 ]
[1356 1355 1378 1379 ]
[1357 1356 1379 1380 ]
[1358 1357 1380 1381 ]
[1359 1358 1381 1382 ]
[1360 1359 1382 1383 ]
[1361 1360 1383 1384 ]
[1362 1361 1384 1385 ]
[1363 1362 1385 1386 ]
[1364 1363 1386 1387 ]
[1365 1364 1387 1388 ]
[1366 1365 1388 1389 ]
[1367 1366 1389 1390 ]
[1345 1367 1390 1368 ]
[1369 1368 1391 1392 ]
[1370 1369 1392 1393 ]
[1371 1370 1393 1394 ]
[1372 1371 1394 1395 ]
[1373 1372 1395 1396 ]
[1374 1373 1396 1397 ]
[1375 1374 1397 1398 ]
[1376 1375 1398 1399 ]
[1377 1376 1399 1400 ]
[1378 1377 1400 1401 ]
[1379 1378 1401 1402 ]
[1380 1379 1402 1403 ]
[1381 1380 1403 1404 ]
[1382 1381 1404 1405 ]
[1383 1382 1405 1406 ]
[1384 1383 1406 1407 ]
[1385 1384 1407 1408 ]
[1386 1385 1408 1409 ]
[1387 1386 1409 1410 ]
[1388 1387 1410 1411 ]
[1389 1388 1411 1412 ]
[1390 1389 1412 1413 ]
[1368 1390 1413 1391 ]
[1392 1391 1414 1415 ]
[1393 1392 1415 1416 ]
[1394 1393 1416 1417 ]
[1395 1394 1417 1418 ]
[1396 1395 1418 1419 ]
[1397 1396 1419 1420 ]
[1398 1397 1420 1421 ]
[1399 1398 1421 1422 ]
[1400 1399 1422 1423 ]
[1401 1400 1423 1424 ]
[1402 1401 1424 1425 ]
[1403 1402 1425 1426 ]
[1404 1403 1426 1427 ]
[1405 1404 1427 1428 ]
[1406 1405 1428 1429 ]
[1407 1406 1429 1430 ]
[1408 1407 1430 1431 ]
[1409 1408 1431 1432 ]
[1410 1409 1432 1433 ]
[1411 1410 1433 1434 ]
[1412 1411 1434 1435 ]
[1413 1412 1435 1436 ]
[1391 1413 1436 1414 ]
[1415 1414 1437 1438 ]
[1416 1415 1438 1439 ]
[1417 1416 1439 1440 ]
[1418 1417 1440 1441 ]
[1419 1418 1441 1442 ]
[1420 1419 1442 1443 ]
[1421 1420 1443 1444 ]
[1422 1421 1444 1445 ]
[1423 1422 1445 1446 ]
[1424 1423 1446 1447 ]
[1425 1424 1447 1448 ]
[1426 1425 1448 1449 ]
[1427 1426 1449 1450 ]
[1428 1427 1450 1451 ]
[1429 1428 1451 1452 ]
[1430 1429 1452 1453 ]
[1431 1430 1453 1454 ]
[1432 1431 1454 1455 ]
[1433 1432 1455 1456 ]
[1434 1433 1456 1457 ]
[1435 1434 1457 1458 ]
[1436 1435 1458 1459 ]
[1414 1436 1459 1437 ]
[1438 1437 1460 1461 ]
[1439 1438 1461 1462 ]
[1440 1439 1462 1463 ]
[1441 1440 1463 1464 ]
[1442 1441 1464 1465 ]
[1443 1442 1465 1466 ]
[1444 1443 1466 1467 ]
[1445 1444 1467 1468 ]
[1446 1445 1468 1469 ]
[1447 1446 1469 1470 ]
[1448 1447 1470 1471 ]
[1449 1448 1471 1472 ]
[1450 1449 1472 1473 ]
[1451 1450 1473 1474 ]
[1452 1451 1474 1475 ]
[1453 1452 1475 1476 ]
[1454 1453 1476 1477 ]
[1455 1454 1477 1478 ]
[1456 1455 1478 1479 ]
[1457 1456 1479 1480 ]
[1458 1457 1480 1481 ]
[1459 1458 1481 1482 ]
[1437 1459 1482 1460 ]
[1461 1460 1483 1484 ]
[1462 1461 1484 1485 ]
[1463 1462 1485 1486 ]
[1464 1463 1486 1487 ]
[1465 1464 1487 1488 ]
[1466 1465 1488 1489 ]
[1467 1466 1489 1490 ]
[1468 1467 1490 1491 ]
[1469 1468 1491 1492 ]
[1470 1469 1492 1493 ]
[1471 1470 1493 1494 ]
[1472 1471 1494 1495 ]
[1473 1472 1495 1496 ]
[1474 1473 1496 1497 ]
[1475 1474 1497 1498 ]
[1476 1475 1498 1499 ]
[1477 1476 1499 1500 ]
[1478 1477 1500 1501 ]
[1479 1478 1501 1502 ]
[1480 1479 1502 1503 ]
[1481 1480 1503 1504 ]
[1482 1481 1504 1505 ]
[1460 1482 1505 1483 ]
[1484 1483 1506 1507 ]
[1485 1484 1507 1508 ]
[1486 1485 1508 1509 ]
[1487 1486 1509 1510 ]
[1488 1487 1510 1511 ]
[1489 1488 1511 1512 ]
[1490 1489 1512 1513 ]
[1491 1490 1513 1514 ]
[1492 1491 1514 1515 ]
[1493 1492 1515 1516 ]
[1494 1493 1516 1517 ]
[1495 1494 1517 1518 ]
[1496 1495 1518 1519 ]
[1497 1496 1519 1520 ]
[1498 1497 1520 1521 ]
[1499 1498 1521 1522 ]
[1500 1499 1522 1523 ]
[1501 1500 1523 1524 ]
[1502 1501 1524 1525 ]
[1503 1502 1525 1526 ]
[1504 1503 1526 1527 ]
[1505 1504 1527 1528 ]
[1483 1505 1528 1506 ]
[1507 1506 1529 1530 ]
[1508 1507 1530 1531 ]
[1509 1508 1531 1532 ]
[1510 1509 1532 1533 ]
[1511 1510 1533 1534 ]
[1512 1511 1534 1535 ]
[1513 1512 1535 1536 ]
[1514 1513 1536 1537 ]
[1515 1514 1537 1538 ]
[1516 1515 1538 1539 ]
[1517 1516 1539 1540 ]
[1518 1517 1540 1541 ]
[1519 1518 1541 1542 ]
[1520 1519 1542 1543 ]
[1521 1520 1543 1544 ]
[1522 1521 1544 1545 ]
[1523 1522 1545 1546 ]
[1524 1523 1546 1547 ]
[1525 1524 1547 1548 ]
[1526 1525 1548 1549 ]
[1527 1526 1549 1550 ]
[1528 1527 1550 1551 ]
[1506 1528 1551 1529 ]
[1530 1529 1552 1553 ]
[1531 1530 1553 1554 ]
[1532 1531 1554 1555 ]
[1533 1532 1555 1556 ]
[1534 1533 1556 1557 ]
[1535 1534 1557 1558 ]
[1536 1535 1558 1559 ]
[1537 1536 1559 1560 ]
[1538 1537 1560 1561 ]
[1539 1538 1561 1562 ]
[1540 1539 1562 1563 ]
[1541 1540 1563 1564 ]
[1542 1541 1564 1565 ]
[1543 1542 1565 1566 ]
[1544 1543 1566 1567 ]
[1545 1544 1567 1568 ]
[1546 1545 1568 1569 ]
[1547 1546 1569 1570 ]
[1548 1547 1570 1571 ]
[1549 1548 1571 1572 ]
[1550 1549 1572 1573 ]
[1551 1550 1573 1574 ]
[1529 1551 1574 1552 ]
[1553 1552 1575 1576 ]
[1554 1553 1576 1577 ]
[1555 1554 1577 1578 ]
[1556 1555 1578 1579 ]
[1557 1556 1579 1580 ]
[1558 1557 1580 1581 ]
[1559 1558 1581 1582 ]
[1560 1559 1582 1583 ]
[1561 1560 1583 1584 ]
[1562 1561 1584 1585 ]
[1563 1562 1585 1586 ]
[1564 1563 1586 1587 ]
[1565 1564 1587 1588 ]
[1566 1565 1588 1589 ]
[1567 1566 1589 1590 ]
[1568 1567 1590 1591 ]
[1569 1568 1591 1592 ]
[1570 1569 1592 1593 ]
[1571 1570 1593 1594 ]
[1572 1571 1594 1595 ]
[1573 1572 1595 1596 ]
[1574 1573 1596 1597 ]
[1552 1574 1597 1575 ]
[1576 1575 1598 1599 ]
[1577 1576 1599 1600 ]
[1578 1577 1600 1601 ]
[1579 1578 1601 1602 ]
[1580 1579 1602 1603 ]
[1581 1580 1603 1604 ]
[1582 1581 1604 1605 ]
[1583 1582 1605 1606 ]
[1584 1583 1606 1607 ]
[1585 1584 1607 1608 ]
[1586 1585 1608 1609 ]
[1587 1586 1609 1610 ]
[1588 1587 1610 1611 ]
[1589 1588 1611 1612 ]
[1590 1589 1612 1613 ]
[1591 1590 1613 1614 ]
[1592 1591 1614 1615 ]
[1593 1592 1615 1616 ]
[1594 1593 1616 1617 ]
[1595 1594 1617 1618 ]
[1596 1595 1618 1619 ]
[1597 1596 1619 1620 ]
[1575 1597 1620 1598 ]
[1599 1598 1621 1622 ]
[1600 1599 1622 1623 ]
[1601 1600 1623 1624 ]
[1602 1601 1624 1625 ]
[1603 1602 1625 1626 ]
[1604 1603 1626 1627 ]
[1605 1604 1627 1628 ]
[1606 1605 1628 1629 ]
[1607 1606 1629 1630 ]
[1608 1607 1630 1631 ]
[1609 1608 1631 1632 ]
[1610 1609 1632 1633 ]
[1611 1610 1633 1634 ]
[1612 1611 1634 1635 ]
[1613 1612 1635 1636 ]
[1614 1613 1636 1637 ]
[1615 1614 1637 1638 ]
[1616 1615 1638 1639 ]
[1617 1616 1639 1640 ]
[1618 1617 1640 1641 ]
[1619 1618 1641 1642 ]
[1620 1619 1642 1643 ]
[1598 1620 1643 1621 ]
[1622 1621 1644 1645 ]
[1623 1622 1645 1646 ]
[1624 1623 1646 1647 ]
[1625 1624 1647 1648 ]
[1626 1625 1648 1649 ]
[1627 1626 1649 1650 ]
[1628 1627 1650 1651 ]
[1629 1628 1651 1652 ]
[1630 1629 1652 1653 ]
[1631 1630 1653 1654 ]
[1632 1631 1654 1655 ]
[1633 1632 1655 1656 ]
[1634 1633 1656 1657 ]
[1635 1634 1657 1658 ]
[1636 1635 1658 1659 ]
[1637 1636 1659 1660 ]
[1638 1637 1660 1661 ]
[1639 1638 1661 1662 ]
[1640 1639 1662 1663 ]
[1641 1640 1663 1664 ]
[1642 1641 1664 1665 ]
[1643 1642 1665 1666 ]
[1621 1643 1666 1644 ]
[1645 1644 1667 1668 ]
[1646 1645 1668 1669 ]
[1647 1646 1669 1670 ]
[1648 1647 1670 1671 ]
[1649 1648 1671 1672 ]
[1650 1649 1672 1673 ]
[1651 1650 1673 1674 ]
[1652 1651 1674 1675 ]
[1653 1652 1675 1676 ]
[1654 1653 1676 1677 ]
[1655 1654 1677 1678 ]
[1656 1655 1678 1679 ]
[1657 1656 1679 1680 ]
[1658 1657 1680 1681 ]
[1659 1658 1681 1682 ]
[1660 1659 1682 1683 ]
[1661 1660 1683 1684 ]
[1662 1661 1684 1685 ]
[1663 1662 1685 1686 ]
[1664 1663 1686 1687 ]
[1665 1664 1687 1688 ]
[1666 1665 1688 1689 ]
[1644 1666 1689 1667 ]
[1668 1667 1690 1691 ]
[1669 1668 1691 1692 ]
[1670 1669 1692 1693 ]
[1671 1670 1693 1694 ]
[1672 1671 1694 1695 ]
[1673 1672 1695 1696 ]
[1674 1673 1696 1697 ]
[1675 1674 1697 1698 ]
[1676 1675 1698 1699 ]
[1677 1676 1699 1700 ]
[1678 1677 1700 1701 ]
[1679 1678 1701 1702 ]
[1680 1679 1702 1703 ]
[1681 1680 1703 1704 ]
[1682 1681 1704 1705 ]
[1683 1682 1705 1706 ]
[1684 1683 1706 1707 ]
[1685 1684 1707 1708 ]
[1686 1685 1708 1709 ]
[1687 1686 1709 1710 ]
[1688 1687 1710 1711 ]
[1689 1688 1711 1712 ]
[1667 1689 1712 1690 ]
[1691 1690 1713 1714 ]
[1692 1691 1714 1715 ]
[1693 1692 1715 1716 ]
[1694 1693 1716 1717 ]
[1695 1694 1717 1718 ]
[1696 1695 1718 1719 ]
[1697 1696 1719 1720 ]
[1698 1697 1720 1721 ]
[1699 1698 1721 1722 ]
[1700 1699 1722 1723 ]
[1701 1700 1723 1724 ]
[1702 1701 1724 1725 ]
[1703 1702 1725 1726 ]
[1704 1703 1726 1727 ]
[1705 1704 1727 1728 ]
[1706 1705 1728 1729 ]
[1707 1706 1729 1730 ]
[1708 1707 1730 1731 ]
[1709 1708 1731 1732 ]
[1710 1709 1732 1733 ]
[1711 1710 1733 1734 ]
[1712 1711 1734 1735 ]
[1690 1712 1735 1713 ]
[1714 1713 1736 1737 ]
[1715 1714 1737 1738 ]
[1716 1715 1738 1739 ]
[1717 1716 1739 1740 ]
[1718 1717 1740 1741 ]
[1719 1718 1741 1742 ]
[1720 1719 1742 1743 ]
[1721 1720 1743 1744 ]
[1722 1721 1744 1745 ]
[1723 1722 1745 1746 ]
[1724 1723 1746 1747 ]
[1725 1724 1747 1748 ]
[1726 1725 1748 1749 ]
[1727 1726 1749 1750 ]
[1728 1727 1750 1751 ]
[1729 1728 1751 1752 ]
[1730 1729 1752 1753 ]
[1731 1730 1753 1754 ]
[1732 1731 1754 1755 ]
[1733 1732 1755 1756 ]
[1734 1733 1756 1757 ]
[1735 1734 1757 1758 ]
[1713 1735 1758 1736 ]
[1737 1736 1759 1760 ]
[1738 1737 1760 1761 ]
[1739 1738 1761 1762 ]
[1740 1739 1762 1763 ]
[1741 1740 1763 1764 ]
[1742 1741 1764 1765 ]
[1743 1742 1765 1766 ]
[1744 1743 1766 1767 ]
[1745 1744 1767 1768 ]
[1746 1745 1768 1769 ]
[1747 1746 1769 1770 ]
[1748 1747 1770 1771 ]
[1749 1748 1771 1772 ]
[1750 1749 1772 1773 ]
[1751 1750 1773 1774 ]
[1752 1751 1774 1775 ]
[1753 1752 1775 1776 ]
[1754 1753 1776 1777 ]
[1755 1754 1777 1778 ]
[1756 1755 1778 1779 ]
[1757 1756 1779 1780 ]
[1758 1757 1780 1781 ]
[1736 1758 1781 1759 ]
[1783 1782 1804 1805 ]
[1784 1783 1805 1806 ]
[1785 1784 1806 1807 ]
[1786 1785 1807 1808 ]
[1787 1786 1808 1809 ]
[1788 1787 1809 1810 ]
[1789 1788 1810 1811 ]
[1790 1789 1811 1812 ]
[1791 1790 1812 1813 ]
[1792 1791 1813 1814 ]
[1793 1792 1814 1815 ]
[1794 1793 1815 1816 ]
[1795 1794 1816 1817 ]
[1796 1795 1817 1818 ]
[1797 1796 1818 1819 ]
[1798 1797 1819 1820 ]
[1799 1798 1820 1821 ]
[1800 1799 1821 1822 ]
[1801 1800 1822 1823 ]
[1802 1801 1823 1824 ]
[1803 1802 1824 1825 ]
[1782 1803 1825 1804 ]
[1805 1804 1826 1827 ]
[1806 1805 1827 1828 ]
[1807 1806 1828 1829 ]
[1808 1807 1829 1830 ]
[1809 1808 1830 1831 ]
[1810 1809 1831 1832 ]
[1811 1810 1832 1833 ]
[1812 1811 1833 1834 ]
[1813 1812 1834 1835 ]
[1814 1813 1835 1836 ]
[1815 1814 1836 1837 ]
[1816 1815 1837 1838 ]
[1817 1816 1838 1839 ]
[1818 1817 1839 1840 ]
[1819 1818 1840 1841 ]
[1820 1819 1841 1842 ]
[1821 1820 1842 1843 ]
[1822 1821 1843 1844 ]
[1823 1822 1844 1845 ]
[1824 1823 1845 1846 ]
[1825 1824 1846 1847 ]
[1804 1825 1847 1826 ]
[1827 1826 1848 1849 ]
[1828 1827 1849 1850 ]
[1829 1828 1850 1851 ]
[1830 1829 1851 1852 ]
[1831 1830 1852 1853 ]
[1832 1831 1853 1854 ]
[1833 1832 1854 1855 ]
[1834 1833 1855 1856 ]
[1835 1834 1856 1857 ]
[1836 1835 1857 1858 ]
[1837 1836 1858 1859 ]
[1838 1837 1859 1860 ]
[1839 1838 1860 1861 ]
[1840 1839 1861 1862 ]
[1841 1840 1862 1863 ]
[1842 1841 1863 1864 ]
[1843 1842 1864 1865 ]
[1844 1843 1865 1866 ]
[1845 1844 1866 1867 ]
[1846 1845 1867 1868 ]
[1847 1846 1868 1869 ]
[1826 1847 1869 1848 ]
[1849 1848 1870 1871 ]
[1850 1849 1871 1872 ]
[1851 1850 1872 1873 ]
[1852 1851 1873 1874 ]
[1853 1852 1874 1875 ]
[1854 1853 1875 1876 ]
[1855 1854 1876 1877 ]
[1856 1855 1877 1878 ]
[1857 1856 1878 1879 ]
[1858 1857 1879 1880 ]
[1859 1858 1880 1881 ]
[1860 1859 1881 1882 ]
[1861 1860 1882 1883 ]
[1862 1861 1883 1884 ]
[1863 1862 1884 1885 ]
[1864 1863 1885 1886 ]
[1865 1864 1886 1887 ]
[1866 1865 1887 1888 ]
[1867 1866 1888 1889 ]
[1868 1867 1889 1890 ]
[1869 1868 1890 1891 ]
[1848 1869 1891 1870 ]
[1871 1870 1892 1893 ]
[1872 1871 1893 1894 ]
[1873 1872 1894 1895 ]
[1874 1873 1895 1896 ]
[1875 1874 1896 1897 ]
[1876 1875 1897 1898 ]
[1877 1876 1898 1899 ]
[1878 1877 1899 1900 ]
[1879 1878 1900 1901 ]
[1880 1879 1901 1902 ]
[1881 1880 1902 1903 ]
[1882 1881 1903 1904 ]
[1883 1882 1904 1905 ]
[1884 1883 1905 1906 ]
[1885 1884 1906 1907 ]
[1886 1885 1907 1908 ]
[1887 1886 1908 1909 ]
[1888 1887 1909 1910 ]
[1889 1888 1910 1911 ]
[1890 1889 1911 1912 ]
[1891 1890 1912 1913 ]
[1870 1891 1913 1892 ]
[1893 1892 1914 1915 ]
[1894 1893 1915 1916 ]
[1895 1894 1916 1917 ]
[1896 1895 1917 1918 ]
[1897 1896 1918 1919 ]
[1898 1897 1919 1920 ]
[1899 1898 1920 1921 ]
[1900 1899 1921 1922 ]
[1901 1900 1922 1923 ]
[1902 1901 1923 1924 ]
[1903 1902 1924 1925 ]
[1904 1903 1925 1926 ]
[1905 1904 1926 1927 ]
[1906 1905 1927 1928 ]
[1907 1906 1928 1929 ]
[1908 1907 1929 1930 ]
[1909 1908 1930 1931 ]
[1910 1909 1931 1932 ]
[1911 1910 1932 1933 ]
[1912 1911 1933 1934 ]
[1913 1912 1934 1935 ]
[1892 1913 1935 1914 ]
[1915 1914 1936 1937 ]
[1916 1915 1937 1938 ]
[1917 1916 1938 1939 ]
[1918 1917 1939 1940 ]
[1919 1918 1940 1941 ]
[1920 1919 1941 1942 ]
[1921 1920 1942 1943 ]
[1922 1921 1943 1944 ]
[1923 1922 1944 1945 ]
[1924 1923 1945 1946 ]
[1925 1924 1946 1947 ]
[1926 1925 1947 1948 ]
[1927 1926 1948 1949 ]
[1928 1927 1949 1950 ]
[1929 1928 1950 1951 ]
[1930 1929 1951 1952 ]
[1931 1930 1952 1953 ]
[1932 1931 1953 1954 ]
[1933 1932 1954 1955 ]
[1934 1933 1955 1956 ]
[1935 1934 1956 1957 ]
[1914 1935 1957 1936 ]
[1937 1936 1958 1959 ]
[1938 1937 1959 1960 ]
[1939 1938 1960 1961 ]
[1940 1939 1961 1962 ]
[1941 1940 1962 1963 ]
[1942 1941 1963 1964 ]
[1943 1942 1964 1965 ]
[1944 1943 1965 1966 ]
[1945 1944 1966 1967 ]
[1946 1945 1967 1968 ]
[1947 1946 1968 1969 ]
[1948 1947 1969 1970 ]
[1949 1948 1970 1971 ]
[1950 1949 1971 1972 ]
[1951 1950 1972 1973 ]
[1952 1951 1973 1974 ]
[1953 1952 1974 1975 ]
[1954 1953 1975 1976 ]
[1955 1954 1976 1977 ]
[1956 1955 1977 1978 ]
[1957 1956 1978 1979 ]
[1936 1957 1979 1958 ]
[1959 1958 1980 1981 ]
[1960 1959 1981 1982 ]
[1961 1960 1982 1983 ]
[1962 1961 1983 1984 ]
[1963 1962 1984 1985 ]
[1964 1963 1985 1986 ]
[1965 1964 1986 1987 ]
[1966 1965 1987 1988 ]
[1967 1966 1988 1989 ]
[1968 1967 1989 1990 ]
[1969 1968 1990 1991 ]
[1970 1969 1991 1992 ]
[1971 1970 1992 1993 ]
[1972 1971 1993 1994 ]
[1973 1972 1994 1995 ]
[1974 1973 1995 1996 ]
[1975 1974 1996 1997 ]
[1976 1975 1997 1998 ]
[1977 1976 1998 1999 ]
[1978 1977 1999 2000 ]
[1979 1978 2000 2001 ]
[1958 1979 2001 1980 ]
[1981 1980 2002 2003 ]
[1982 1981 2003 2004 ]
[1983 1982 2004 2005 ]
[1984 1983 2005 2006 ]
[1985 1984 2006 2007 ]
[1986 1985 2007 2008 ]
[1987 1986 2008 2009 ]
[1988 1987 2009 2010 ]
[1989 1988 2010 2011 ]
[1990 1989 2011 2012 ]
[1991 1990 2012 2013 ]
[1992 1991 2013 2014 ]
[1993 1992 2014 2015 ]
[1994 1993 2015 2016 ]
[1995 1994 2016 2017 ]
[1996 1995 2017 2018 ]
[1997 1996 2018 2019 ]
[1998 1997 2019 2020 ]
[1999 1998 2020 2021 ]
[2000 1999 2021 2022 ]
[2001 2000 2022 2023 ]
[1980 2001 2023 2002 ]
[2003 2002 2024 2025 ]
[2004 2003 2025 2026 ]
[2005 2004 2026 2027 ]
[2006 2005 2027 2028 ]
[2007 2006 2028 2029 ]
[2008 2007 2029 2030 ]
[2009 2008 2030 2031 ]
[2010 2009 2031 2032 ]
[2011 2010 2032 2033 ]
[2012 2011 2033 2034 ]
[2013 2012 2034 2035 ]
[2014 2013 2035 2036 ]
[2015 2014 2036 2037 ]
[2016 2015 2037 2038 ]
[2017 2016 2038 2039 ]
[2018 2017 2039 2040 ]
[2019 2018 2040 2041 ]
[2020 2019 2041 2042 ]
[2021 2020 2042 2043 ]
[2022 2021 2043 2044 ]
[2023 2022 2044 2045 ]
[2002 2023 2045 2024 ]
[2025 2024 2046 2047 ]
[2026 2025 2047 2048 ]
[2027 2026 2048 2049 ]
[2028 2027 2049 2050 ]
[2029 2028 2050 2051 ]
[2030 2029 2051 2052 ]
[2031 2030 2052 2053 ]
[2032 2031 2053 2054 ]
[2033 2032 2054 2055 ]
[2034 2033 2055 2056 ]
[2035 2034 2056 2057 ]
[2036 2035 2057 2058 ]
[2037 2036 2058 2059 ]
[2038 2037 2059 2060 ]
[2039 2038 2060 2061 ]
[2040 2039 2061 2062 ]
[2041 2040 2062 2063 ]
[2042 2041 2063 2064 ]
[2043 2042 2064 2065 ]
[2044 2043 2065 2066 ]
[2045 2044 2066 2067 ]
[2024 2045 2067 2046 ]
[2047 2046 2068 2069 ]
[2048 2047 2069 2070 ]
[2049 2048 2070 2071 ]
[2050 2049 2071 2072 ]
[2051 2050 2072 2073 ]
[2052 2051 2073 2074 ]
[2053 2052 2074 2075 ]
[2054 2053 2075 2076 ]
[2055 2054 2076 2077 ]
[2056 2055 2077 2078 ]
[2057 2056 2078 2079 ]
[2058 2057 2079 2080 ]
[2059 2058 2080 2081 ]
[2060 2059 2081 2082 ]
[2061 2060 2082 2083 ]
[2062 2061 2083 2084 ]
[2063 2062 2084 2085 ]
[2064 2063 2085 2086 ]
[2065 2064 2086 2087 ]
[2066 2065 2087 2088 ]
[2067 2066 2088 2089 ]
[2046 2067 2089 2068 ]
[2069 2068 2090 2091 ]
[2070 2069 2091 2092 ]
[2071 2070 2092 2093 ]
[2072 2071 2093 2094 ]
[2073 2072 2094 2095 ]
[2074 2073 2095 2096 ]
[2075 2074 2096 2097 ]
[2076 2075 2097 2098 ]
[2077 2076 2098 2099 ]
[2078 2077 2099 2100 ]
[2079 2078 2100 2101 ]
[2080 2079 2101 2102 ]
[2081 2080 2102 2103 ]
[2082 2081 2103 2104 ]
[2083 2082 2104 2105 ]
[2084 2083 2105 2106 ]
[2085 2084 2106 2107 ]
[2086 2085 2107 2108 ]
[2087 2086 2108 2109 ]
[2088 2087 2109 2110 ]
[2089 2088 2110 2111 ]
[2068 2089 2111 2090 ]
[2091 2090 2112 2113 ]
[2092 2091 2113 2114 ]
[2093 2092 2114 2115 ]
[2094 2093 2115 2116 ]
[2095 2094 2116 2117 ]
[2096 2095 2117 2118 ]
[2097 2096 2118 2119 ]
[2098 2097 2119 2120 ]
[2099 2098 2120 2121 ]
[2100 2099 2121 2122 ]
[2101 2100 2122 2123 ]
[2102 2101 2123 2124 ]
[2103 2102 2124 2125 ]
[2104 2103 2125 2126 ]
[2105 2104 2126 2127 ]
[2106 2105 2127 2128 ]
[2107 2106 2128 2129 ]
[2108 2107 2129 2130 ]
[2109 2108 2130 2131 ]
[2110 2109 2131 2132 ]
[2111 2110 2132 2133 ]
[2090 2111 2133 2112 ]
[2113 2112 2134 2135 ]
[2114 2113 2135 2136 ]
[2115 2114 2136 2137 ]
[2116 2115 2137 2138 ]
[2117 2116 2138 2139 ]
[2118 2117 2139 2140 ]
[2119 2118 2140 2141 ]
[2120 2119 2141 2142 ]
[2121 2120 2142 2143 ]
[2122 2121 2143 2144 ]
[2123 2122 2144 2145 ]
[2124 2123 2145 2146 ]
[2125 2124 2146 2147 ]
[2126 2125 2147 2148 ]
[2127 2126 2148 2149 ]
[2128 2127 2149 2150 ]
[2129 2128 2150 2151 ]
[2130 2129 2151 2152 ]
[2131 2130 2152 2153 ]
[2132 2131 2153 2154 ]
[2133 2132 2154 2155 ]
[2112 2133 2155 2134 ]
[2135 2134 2156 2157 ]
[2136 2135 2157 2158 ]
[2137 2136 2158 2159 ]
[2138 2137 2159 2160 ]
[2139 2138 2160 2161 ]
[2140 2139 2161 2162 ]
[2141 2140 2162 2163 ]
[2142 2141 2163 2164 ]
[2143 2142 2164 2165 ]
[2144 2143 2165 2166 ]
[2145 2144 2166 2167 ]
[2146 2145 2167 2168 ]
[2147 2146 2168 2169 ]
[2148 2147 2169 2170 ]
[2149 2148 2170 2171 ]
[2150 2149 2171 2172 ]
[2151 2150 2172 2173 ]
[2152 2151 2173 2174 ]
[2153 2152 2174 2175 ]
[2154 2153 2175 2176 ]
[2155 2154 2176 2177 ]
[2134 2155 2177 2156 ]
[2157 2156 2178 2179 ]
[2158 2157 2179 2180 ]
[2159 2158 2180 2181 ]
[2160 2159 2181 2182 ]
[2161 2160 2182 2183 ]
[2162 2161 2183 2184 ]
[2163 2162 2184 2185 ]
[2164 2163 2185 2186 ]
[2165 2164 2186 2187 ]
[2166 2165 2187 2188 ]
[2167 2166 2188 2189 ]
[2168 2167 2189 2190 ]
[2169 2168 2190 2191 ]
[2170 2169 2191 2192 ]
[2171 2170 2192 2193 ]
[2172 2171 2193 2194 ]
[2173 2172 2194 2195 ]
[2174 2173 2195 2196 ]
[2175 2174 2196 2197 ]
[2176 2175 2197 2198 ]
[2177 2176 2198 2199 ]
[2156 2177 2199 2178 ]
[2179 2178 2200 2201 ]
[2180 2179 2201 2202 ]
[2181 2180 2202 2203 ]
[2182 2181 2203 2204 ]
[2183 2182 2204 2205 ]
[2184 2183 2205 2206 ]
[2185 2184 2206 2207 ]
[2186 2185 2207 2208 ]
[2187 2186 2208 2209 ]
[2188 2187 2209 2210 ]
[2189 2188 2210 2211 ]
[2190 2189 2211 2212 ]
[2191 2190 2212 2213 ]
[2192 2191 2213 2214 ]
[2193 2192 2214 2215 ]
[2194 2193 2215 2216 ]
[2195 2194 2216 2217 ]
[2196 2195 2217 2218 ]
[2197 2196 2218 2219 ]
[2198 2197 2219 2220 ]
[2199 2198 2220 2221 ]
[2178 2199 2221 2200 ]
[2201 2200 2222 2223 ]
[2202 2201 2223 2224 ]
[2203 2202 2224 2225 ]
[2204 2203 2225 2226 ]
[2205 2204 2226 2227 ]
[2206 2205 2227 2228 ]
[2207 2206 2228 2229 ]
[2208 2207 2229 2230 ]
[2209 2208 2230 2231 ]
[2210 2209 2231 2232 ]
[2211 2210 2232 2233 ]
[2212 2211 2233 2234 ]
[2213 2212 2234 2235 ]
[2214 2213 2235 2236 ]
[2215 2214 2236 2237 ]
[2216 2215 2237 2238 ]
[2217 2216 2238 2239 ]
[2218 2217 2239 2240 ]
[2219 2218 2240 2241 ]
[2220 2219 2241 2242 ]
[2221 2220 2242 2243 ]
[2200 2221 2243 2222 ]
[2223 2222 2244 2245 ]
[2224 2223 2245 2246 ]
[2225 2224 2246 2247 ]
[2226 2225 2247 2248 ]
[2227 2226 2248 2249 ]
[2228 2227 2249 2250 ]
[2229 2228 2250 2251 ]
[2230 2229 2251 2252 ]
[2231 2230 2252 2253 ]
[2232 2231 2253 2254 ]
[2233 2232 2254 2255 ]
[2234 2233 2255 2256 ]
[2235 2234 2256 2257 ]
[2236 2235 2257 2258 ]
[2237 2236 2258 2259 ]
[2238 2237 2259 2260 ]
[2239 2238 2260 2261 ]
[2240 2239 2261 2262 ]
[2241 2240 2262 2263 ]
[2242 2241 2263 2264 ]
[2243 2242 2264 2265 ]
[2222 2243 2265 2244 ]
[2245 2244 2266 2267 ]
[2246 2245 2267 2268 ]
[2247 2246 2268 2269 ]
[2248 2247 2269 2270 ]
[2249 2248 2270 2271 ]
[2250 2249 2271 2272 ]
[2251 2250 2272 2273 ]
[2252 2251 2273 2274 ]
[2253 2252 2274 2275 ]
[2254 2253 2275 2276 ]
[2255 2254 2276 2277 ]
[2256 2255 2277 2278 ]
[2257 2256 2278 2279 ]
[2258 2257 2279 2280 ]
[2259 2258 2280 2281 ]
[2260 2259 2281 2282 ]
[2261 2260 2282 2283 ]
[2262 2261 2283 2284 ]
[2263 2262 2284 2285 ]
[2264 2263 2285 2286 ]
[2265 2264 2286 2287 ]
[2244 2265 2287 2266 ]
[2267 2266 2288 2289 ]
[2268 2267 2289 2290 ]
[2269 2268 2290 2291 ]
[2270 2269 2291 2292 ]
[2271 2270 2292 2293 ]
[2272 2271 2293 2294 ]
[2273 2272 2294 2295 ]
[2274 2273 2295 2296 ]
[2275 2274 2296 2297 ]
[2276 2275 2297 2298 ]
[2277 2276 2298 2299 ]
[2278 2277 2299 2300 ]
[2279 2278 2300 2301 ]
[2280 2279 2301 2302 ]
[2281 2280 2302 2303 ]
[2282 2281 2303 2304 ]
[2283 2282 2304 2305 ]
[2284 2283 2305 2306 ]
[2285 2284 2306 2307 ]
[2286 2285 2307 2308 ]
[2287 2286 2308 2309 ]
[2266 2287 2309 2288 ]
[2289 2288 2310 2311 ]
[2290 2289 2311 2312 ]
[2291 2290 2312 2313 ]
[2292 2291 2313 2314 ]
[2293 2292 2314 2315 ]
[2294 2293 2315 2316 ]
[2295 2294 2316 2317 ]
[2296 2295 2317 2318 ]
[2297 2296 2318 2319 ]
[2298 2297 2319 2320 ]
[2299 2298 2320 2321 ]
[2300 2299 2321 2322 ]
[2301 2300 2322 2323 ]
[2302 2301 2323 2324 ]
[2303 2302 2324 2325 ]
[2304 2303 2325 2326 ]
[2305 2304 2326 2327 ]
[2306 2305 2327 2328 ]
[2307 2306 2328 2329 ]
[2308 2307 2329 2330 ]
[2309 2308 2330 2331 ]
[2288 2309 2331 2310 ]
