0.711866 -10.0376 -1.59821
0.351878 -10.0377 -1.7487
-0.0382586 -10.0319 -1.75009
-0.399148 -10.0213 -1.60214
-0.67585 -10.0075 -1.3274
-0.826237 -9.9925 -0.967675
-0.827415 -9.97864 -0.577743
-0.679206 -9.96802 -0.216963
-0.404171 -9.96227 0.0597386
-0.0441828 -9.96225 0.210236
0.345953 -9.96797 0.211619
0.706843 -9.97857 0.0636755
0.983545 -9.99241 -0.211071
1.13393 -10.0074 -0.570793
1.13511 -10.0213 -0.960725
0.9869 -10.0319 -1.32151
0.868936 -8.3667 -1.66762
0.528825 -8.36755 -1.85884
0.14152 -8.36019 -1.90555
-0.234014 -8.34574 -1.80064
-0.540607 -8.32639 -1.56009
-0.731583 -8.30509 -1.22051
-0.777866 -8.28509 -0.833598
-0.672412 -8.26942 -0.458265
-0.431274 -8.26049 -0.151649
-0.0911629 -8.25963 0.0395706
0.296142 -8.26699 0.086282
0.671676 -8.28145 -0.018626
0.978269 -8.3008 -0.259182
1.16924 -8.32209 -0.598764
1.21553 -8.3421 -0.985673
1.11007 -8.35776 -1.36101
1.02768 -7.16533 -1.72092
0.712052 -7.16759 -1.9503
0.332854 -7.15876 -2.0418
-0.0521878 -7.14016 -1.98148
-0.384453 -7.11465 -1.77853
-0.613358 -7.08609 -1.46384
-0.704055 -7.05884 -1.08533
-0.642734 -7.03705 -0.700613
-0.438732 -7.02403 -0.368266
-0.123107 -7.02176 -0.138884
0.256092 -7.0306 -0.0473874
0.641133 -7.04919 -0.107707
0.973398 -7.07471 -0.310659
1.2023 -7.10326 -0.625345
1.293 -7.13051 -1.00386
1.23168 -7.15231 -1.38857
1.18637 -6.26008 -1.75826
0.899527 -6.26444 -2.02272
0.533636 -6.25444 -2.15787
0.144404 -6.23159 -2.14313
-0.208912 -6.19938 -1.98073
-0.472523 -6.16271 -1.69542
-0.606296 -6.12716 -1.33061
-0.589866 -6.09814 -0.941861
-0.425734 -6.08007 -0.588342
-0.138887 -6.07571 -0.323879
0.227004 -6.08571 -0.188732
0.616236 -6.10856 -0.203477
0.969552 -6.14077 -0.365869
1.23316 -6.17744 -0.651185
1.36694 -6.213 -1.01599
1.35051 -6.24201 -1.40474
1.34334 -5.55353 -1.77997
1.08919 -5.56078 -2.07594
0.74167 -5.55007 -2.25302
0.353683 -5.52301 -2.28425
-0.0157041 -5.48374 -2.16486
-0.310255 -5.43822 -1.91305
-0.485127 -5.39339 -1.56715
-0.513697 -5.35607 -1.17981
-0.391617 -5.33195 -0.810003
-0.137471 -5.32469 -0.514033
0.210049 -5.33541 -0.336956
0.598036 -5.36246 -0.305731
0.967422 -5.40174 -0.425112
1.26197 -5.44726 -0.676923
1.43685 -5.49209 -1.02283
1.46542 -5.5294 -1.41017
1.49692 -4.98662 -1.78658
1.27897 -4.99765 -2.11003
0.954681 -4.98682 -2.32673
0.573431 -4.95577 -2.40371
0.193261 -4.90923 -2.32924
-0.127953 -4.85429 -2.11467
-0.341309 -4.7993 -1.79264
-0.414324 -4.75265 -1.41221
-0.335884 -4.72143 -1.03127
-0.11793 -4.7104 -0.707826
0.206356 -4.72123 -0.491119
0.587606 -4.75228 -0.414141
0.967776 -4.79882 -0.488609
1.28899 -4.85376 -0.703187
1.50235 -4.90875 -1.02521
1.57536 -4.9554 -1.40565
1.64556 -4.52137 -1.77881
1.4668 -4.53714 -2.12527
1.17034 -4.52692 -2.37874
0.801311 -4.49226 -2.50063
0.415893 -4.43845 -2.47237
0.0727641 -4.37368 -2.29828
-0.175837 -4.3078 -2.00486
-0.292063 -4.25084 -1.63677
-0.25822 -4.21148 -1.25006
-0.0794599 -4.19571 -0.903594
0.217002 -4.20593 -0.650125
0.586033 -4.24058 -0.528239
0.971451 -4.29439 -0.556492
1.31458 -4.35917 -0.730583
1.56318 -4.42505 -1.02401
1.67941 -4.48201 -1.3921
1.7878 -4.13215 -1.75757
1.65069 -4.15367 -2.12223
1.3863 -4.14492 -2.40904
1.03488 -4.10723 -2.57434
0.649928 -4.04633 -2.59296
0.290055 -3.9715 -2.46207
0.0100462 -3.89413 -2.20159
-0.14747 -3.82599 -1.85118
-0.158514 -3.77747 -1.46419
-0.0214029 -3.75594 -1.09953
0.242988 -3.76469 -0.812713
0.594408 -3.80239 -0.647413
0.979357 -3.86329 -0.628792
1.33923 -3.93812 -0.759685
1.61924 -4.01549 -1.02016
1.77676 -4.08362 -1.37057
1.9223 -3.80097 -1.72399
1.82869 -3.82931 -2.10171
1.6002 -3.82299 -2.41793
1.2716 -3.78299 -2.62449
0.892941 -3.7154 -2.68995
0.521854 -3.63049 -2.60436
0.214837 -3.54121 -2.38072
0.0186327 -3.46114 -2.05311
-0.0368903 -3.40248 -1.67138
0.0567213 -3.37414 -1.29366
0.285216 -3.38046 -0.977441
0.613808 -3.42046 -0.770878
0.992471 -3.48805 -0.705412
1.36356 -3.57296 -0.79101
1.67057 -3.66224 -1.01464
1.86678 -3.74231 -1.34226
2.04794 -3.51478 -1.67938
1.99901 -3.55098 -2.06479
1.80974 -3.54816 -2.40597
1.50892 -3.50675 -2.651
1.14237 -3.43304 -2.76256
0.765873 -3.33827 -2.72367
0.436761 -3.23686 -2.54025
0.205134 -3.14424 -2.24023
0.106256 -3.07453 -1.86928
0.155179 -3.03833 -1.48387
0.344456 -3.04115 -1.14269
0.645271 -3.08257 -0.897664
1.01183 -3.15627 -0.786105
1.38832 -3.25104 -0.824995
1.71743 -3.35246 -1.00841
1.94906 -3.44507 -1.30843
2.16379 -3.26384 -1.62525
2.16003 -3.30895 -2.01279
2.01271 -3.31074 -2.37409
1.74425 -3.26894 -2.65413
1.39552 -3.18991 -2.81028
1.01962 -3.08568 -2.81877
0.673762 -2.97212 -2.6783
0.410612 -2.86652 -2.41027
0.270228 -2.78496 -2.05547
0.273983 -2.73985 -1.66793
0.421306 -2.73806 -1.30663
0.689766 -2.77986 -1.02659
1.03849 -2.85889 -0.870442
1.4144 -2.96312 -0.861952
1.76025 -3.07668 -1.00242
2.02341 -3.18228 -1.27045
2.26922 -3.04073 -1.5632
2.31037 -3.09574 -1.94728
2.20707 -3.10329 -2.32347
1.97506 -3.06224 -2.63448
1.64966 -2.97883 -2.83297
1.28041 -2.86577 -2.88872
0.923512 -2.74026 -2.79324
0.633314 -2.62142 -2.56107
0.453992 -2.52733 -2.22756
0.412846 -2.47233 -1.84347
0.516141 -2.46477 -1.46729
0.748149 -2.50583 -1.15627
1.07355 -2.58923 -0.957785
1.44281 -2.70229 -0.902036
1.7997 -2.8278 -0.997514
2.0899 -2.94664 -1.22968
2.36389 -2.83969 -1.49495
2.44891 -2.90549 -1.87003
2.39098 -2.91995 -2.25562
2.19894 -2.88087 -2.59301
1.90202 -2.79419 -2.83084
1.54542 -2.67311 -2.93291
1.18343 -2.53607 -2.88367
0.871162 -2.40392 -2.69062
0.656155 -2.29679 -2.38315
0.571142 -2.23099 -2.00807
0.629066 -2.21653 -1.62249
0.821107 -2.25561 -1.2851
1.11803 -2.34229 -1.04726
1.47463 -2.46337 -0.945196
1.83662 -2.60041 -0.994436
2.14889 -2.73256 -1.18748
2.44779 -2.6562 -1.42223
2.57487 -2.73359 -1.78293
2.56288 -2.75606 -2.17228
2.41364 -2.7202 -2.531
2.14988 -2.63146 -2.80449
1.81175 -2.50336 -2.95111
1.45072 -2.35539 -2.94853
1.12176 -2.21009 -2.79715
0.874958 -2.08957 -2.52002
0.747877 -2.01218 -2.15932
0.759867 -1.98971 -1.76997
0.909104 -2.02557 -1.41125
1.17287 -2.11431 -1.13776
1.511 -2.24241 -0.991142
1.87203 -2.39038 -0.99372
2.20098 -2.53568 -1.1451
2.52121 -2.48673 -1.34671
2.68783 -2.57634 -1.68796
2.72153 -2.60784 -2.07541
2.61718 -2.57645 -2.45006
2.39067 -2.48693 -2.75489
2.07648 -2.35292 -2.94348
1.72244 -2.19483 -2.98713
1.38246 -2.03671 -2.87919
1.10829 -1.90264 -2.63609
0.941671 -1.81303 -2.29484
0.907972 -1.78153 -1.9074
1.01232 -1.81292 -1.53274
1.23883 -1.90244 -1.22791
1.55302 -2.03644 -1.03932
1.90706 -2.19454 -0.995672
2.24704 -2.35266 -1.10361
2.58476 -2.32847 -1.26994
2.7877 -2.43077 -1.58709
2.86604 -2.47221 -1.96708
2.80785 -2.44648 -2.35203
2.62199 -2.3575 -2.68336
2.33675 -2.21881 -2.91062
1.99556 -2.05153 -2.99921
1.65037 -1.88113 -2.93564
1.35371 -1.73354 -2.72959
1.15077 -1.63124 -2.41243
1.07243 -1.5898 -2.03245
1.13062 -1.61553 -1.64749
1.31648 -1.70451 -1.31616
1.60172 -1.8432 -1.08891
1.94291 -2.01048 -1.00032
2.2881 -2.18088 -1.06389
2.63927 -2.17924 -1.19324
2.87475 -2.29453 -1.4822
2.99592 -2.34667 -1.84941
2.98433 -2.32771 -2.23896
2.84175 -2.24055 -2.59154
2.58989 -2.09846 -2.85348
2.26708 -1.92306 -2.98491
1.92248 -1.74106 -2.9658
1.60854 -1.58017 -2.79907
1.37306 -1.46488 -2.51011
1.25189 -1.41275 -2.14291
1.26347 -1.4317 -1.75336
1.40605 -1.51886 -1.40077
1.65792 -1.66096 -1.13883
1.98073 -1.83635 -1.00741
2.32533 -2.01835 -1.02652
2.68578 -2.03735 -1.11772
2.94953 -2.16573 -1.37501
3.11101 -2.22915 -1.7245
3.14565 -2.21795 -2.11297
3.04817 -2.13385 -2.4813
2.83342 -1.98963 -2.7734
2.53408 -1.80726 -2.94481
2.19573 -1.61451 -2.96942
1.86988 -1.44071 -2.8435
1.60614 -1.31233 -2.58621
1.44465 -1.24891 -2.23672
1.41001 -1.26011 -1.84824
1.50749 -1.34421 -1.47992
1.72224 -1.48843 -1.18781
2.02158 -1.6708 -1.01641
2.35993 -1.86355 -0.991794
2.72542 -1.9015 -1.04417
3.01281 -2.0429 -1.267
3.21149 -2.11801 -1.5943
3.29121 -2.11541 -1.97624
3.23983 -2.03548 -2.35468
3.06517 -1.8904 -2.67199
2.79383 -1.70226 -2.87988
2.46712 -1.49969 -2.94669
2.13477 -1.31353 -2.86225
1.84738 -1.17213 -2.63942
1.6487 -1.09702 -2.31211
1.56899 -1.09962 -1.93017
1.62037 -1.17954 -1.55174
1.79502 -1.32462 -1.23442
2.06636 -1.51277 -1.02654
2.39307 -1.71534 -0.959727
2.75935 -1.77071 -0.973098
3.06556 -1.92488 -1.1594
3.29781 -2.01193 -1.46061
3.42075 -2.01859 -1.83085
3.41566 -1.94385 -2.21378
3.28332 -1.7991 -2.55108
3.04387 -1.60637 -2.79141
2.73377 -1.39499 -2.89818
2.40022 -1.19716 -2.85514
2.09402 -1.04299 -2.66883
1.86177 -0.955944 -2.36763
1.73883 -0.949282 -1.99738
1.74392 -1.02402 -1.61446
1.87626 -1.16877 -1.27716
2.11571 -1.3615 -1.03683
2.42581 -1.57288 -0.930055
2.78867 -1.64425 -0.904748
3.10878 -1.8108 -1.05317
3.37062 -1.90983 -1.32498
3.53432 -1.92626 -1.67877
3.57496 -1.85758 -2.06071
3.48636 -1.71426 -2.41263
3.282 -1.51811 -2.68096
2.993 -1.29899 -2.82485
2.66335 -1.09026 -2.8224
2.34324 -0.923705 -2.67398
2.0814 -0.824676 -2.40217
1.9177 -0.80825 -2.04838
1.87706 -0.876926 -1.66644
1.96566 -1.02025 -1.31452
2.17002 -1.2164 -1.04619
2.45902 -1.43552 -0.902296
2.81438 -1.52157 -0.839112
3.14352 -1.69999 -0.948992
3.4307 -1.81091 -1.18872
3.63219 -1.83744 -1.52179
3.71733 -1.77554 -1.8975
3.67314 -1.63463 -2.25866
3.50636 -1.43617 -2.55028
3.24238 -1.21037 -2.72796
2.92139 -0.99161 -2.76465
2.59225 -0.813188 -2.65477
2.30507 -0.702271 -2.41504
2.10358 -0.675744 -2.08197
2.01844 -0.737646 -1.70626
2.06263 -0.878552 -1.3451
2.22941 -1.07701 -1.05348
2.49339 -1.30281 -0.875805
2.83733 -1.40227 -0.775995
3.17077 -1.59194 -0.847299
3.47891 -1.71451 -1.05289
3.71483 -1.75132 -1.36148
3.84262 -1.69676 -1.72608
3.84283 -1.55915 -2.09119
3.71542 -1.35942 -2.40122
3.47979 -1.12799 -2.60897
3.17181 -0.900095 -2.68281
2.83837 -0.710424 -2.61151
2.53023 -0.587853 -2.40591
2.29431 -0.551045 -2.09732
2.16652 -0.605602 -1.73272
2.16631 -0.743219 -1.36762
2.29372 -0.942944 -1.05759
2.52936 -1.17437 -0.84984
2.85819 -1.28602 -0.71507
3.19142 -1.48625 -0.748332
3.51609 -1.62013 -0.918344
3.78279 -1.66726 -1.19922
3.9509 -1.62048 -1.54821
3.99484 -1.4869 -1.91217
3.90791 -1.28687 -2.2357
3.70335 -1.05083 -2.46954
3.4123 -0.814715 -2.57809
3.07907 -0.614481 -2.54483
2.75439 -0.480606 -2.37481
2.4877 -0.433473 -2.09393
2.31959 -0.480255 -1.74495
2.27565 -0.613833 -1.38099
2.36258 -0.813868 -1.05746
2.56714 -1.04991 -0.823621
2.87744 -1.17257 -0.655927
3.20622 -1.38263 -0.652174
3.54306 -1.52737 -0.785701
3.83668 -1.58476 -1.03618
4.04236 -1.54605 -1.36548
4.12881 -1.41714 -1.72346
4.08285 -1.21766 -2.05563
3.91149 -0.977976 -2.31141
3.64081 -0.734574 -2.45187
3.31202 -0.524512 -2.45563
2.97518 -0.37977 -2.3221
2.68157 -0.322384 -2.07162
2.47588 -0.361091 -1.74233
2.38944 -0.489997 -1.38434
2.4354 -0.689477 -1.05217
2.60676 -0.929164 -0.796389
2.89539 -1.06168 -0.59813
3.21583 -1.28081 -0.558802
3.56057 -1.43592 -0.655444
3.87712 -1.50339 -0.873343
4.11731 -1.47295 -1.17933
4.24456 -1.34924 -1.52681
4.23949 -1.15109 -1.86289
4.10289 -0.908665 -2.13641
3.85554 -0.658876 -2.30572
3.53511 -0.439749 -2.34505
3.19037 -0.284644 -2.24841
2.87381 -0.217175 -2.03051
2.63363 -0.247612 -1.72452
2.50638 -0.371323 -1.37704
2.51144 -0.569473 -1.04096
2.64805 -0.811896 -0.767441
2.91223 -0.95317 -0.541251
3.22073 -1.18059 -0.468128
3.56925 -1.34551 -0.527931
3.90473 -1.42282 -0.711557
4.17609 -1.40075 -0.991049
4.34203 -1.28266 -1.32386
4.37727 -1.08653 -1.65932
4.27646 -0.842221 -1.94635
4.05494 -0.586922 -2.14127
3.74644 -0.359502 -2.21439
3.39792 -0.194584 -2.15459
3.06244 -0.117274 -1.97096
2.79108 -0.139344 -1.69147
2.62514 -0.257431 -1.35866
2.5899 -0.45356 -1.0232
2.69071 -0.697871 -0.736168
2.92797 -0.846822 -0.484902
3.2213 -1.08177 -0.380038
3.56968 -1.25592 -0.403442
3.92005 -1.34277 -0.55155
4.21908 -1.3291 -0.801816
4.42125 -1.21698 -1.11614
4.49578 -1.02348 -1.44666
4.43131 -0.77807 -1.74307
4.23767 -0.518103 -1.96024
3.94434 -0.283158 -2.0651
3.59597 -0.109003 -2.0417
3.24559 -0.0221527 -1.89359
2.94656 -0.0358284 -1.64332
2.74439 -0.147948 -1.329
2.66987 -0.341443 -0.998478
2.73433 -0.586855 -0.702069
2.94257 -0.742437 -0.428756
3.21783 -0.984153 -0.294421
3.56232 -1.16695 -0.282205
3.9236 -1.26301 -0.393968
4.24667 -1.25769 -0.612695
4.48234 -1.15182 -0.905086
4.59473 -0.961502 -1.22663
4.56673 -0.715719 -1.52837
4.40261 -0.451886 -1.76437
4.12734 -0.210171 -1.89871
3.78285 -0.0273716 -1.91092
3.42157 0.0686825 -1.79916
3.0985 0.0633678 -1.58043
2.86284 -0.0425066 -1.28804
2.75045 -0.232822 -0.966501
2.77845 -0.478605 -0.664759
2.9559 -0.639809 -0.37256
3.2105 -0.887559 -0.211193
3.54759 -1.07841 -0.164433
3.91585 -1.18331 -0.239399
4.25922 -1.18628 -0.424679
4.52543 -1.08687 -0.692065
4.67393 -0.900222 -1.00085
4.68214 -0.654745 -1.30402
4.54879 -0.387812 -1.55543
4.29419 -0.140062 -1.7168
3.9571 0.0507893 -1.76356
3.58884 0.155685 -1.68859
3.24547 0.158656 -1.50331
2.97926 0.0592502 -1.23593
2.83075 -0.127399 -0.927143
2.82255 -0.372876 -0.623969
2.96779 -0.53872 -0.316134
3.19944 -0.791794 -0.130305
3.52581 -0.990108 -0.0503369
3.89722 -1.10347 -0.0884051
4.25711 -1.11462 -0.238714
4.5507 -1.02187 -0.47838
4.7333 -0.839325 -0.770916
4.7771 -0.594787 -1.07179
4.67544 -0.325481 -1.33519
4.44379 -0.0724064 -1.52102
4.11742 0.125908 -1.60098
3.74602 0.23927 -1.56292
3.38612 0.250423 -1.41261
3.09253 0.157667 -1.17294
2.90993 -0.0248753 -0.880405
2.86613 -0.269414 -0.579535
2.97807 -0.438949 -0.259373
3.18476 -0.696659 -0.0517544
3.49729 -0.901859 0.059856
3.86809 -1.02331 0.0584671
4.24069 -1.04252 -0.0557097
4.55839 -0.956566 -0.265292
4.7728 -0.778535 -0.538373
4.85129 -0.535528 -0.833378
4.78191 -0.264542 -1.1054
4.57521 -0.00683224 -1.31301
4.26268 0.198368 -1.42462
3.89189 0.319818 -1.42324
3.51928 0.339029 -1.30906
3.20159 0.253075 -1.09948
2.98718 0.0750433 -0.826396
2.90869 -0.167963 -0.53139
2.98655 -0.340266 -0.202237
3.16653 -0.601946 0.0244127
3.4623 -0.813468 0.165894
3.82884 -0.942629 0.200666
4.21034 -0.969765 0.123436
4.54872 -0.890746 -0.0540382
4.79246 -0.717601 -0.304738
4.90446 -0.47669 -0.590498
4.86767 -0.204689 -0.867812
4.68769 0.0569912 -1.09446
4.39191 0.268513 -1.23594
4.02538 0.397674 -1.27071
3.64388 0.42481 -1.19349
3.3055 0.345791 -1.01601
3.06176 0.172646 -0.765311
2.94976 -0.0682653 -0.479551
2.99306 -0.242434 -0.144749
3.14483 -0.507441 0.0981066
3.42111 -0.724735 0.267495
3.77985 -0.861235 0.337629
4.16642 -0.896162 0.297831
4.52198 -0.824197 0.154159
4.79239 -0.656296 -0.0715123
4.93649 -0.418021 -0.344828
4.93234 -0.145648 -0.624177
4.78057 0.119359 -0.867033
4.50428 0.336653 -1.03642
4.14555 0.473153 -1.10655
3.75898 0.50808 -1.06676
3.40342 0.436115 -0.923086
3.13301 0.268214 -0.697414
2.98891 0.0299394 -0.424098
2.99748 -0.145215 -0.0869733
3.11976 -0.412919 0.169198
3.374 -0.635449 0.364351
3.72149 -0.778927 0.468776
4.10933 -0.821509 0.466575
4.47849 -0.756713 0.358083
4.77274 -0.594404 0.159817
4.94731 -0.359291 -0.0980394
4.97561 -0.0871683 -0.376229
4.85333 0.180536 -0.6324
4.59909 0.403066 -0.827554
4.2516 0.546544 -0.931978
3.86376 0.589126 -0.929777
3.49461 0.52433 -0.821285
3.20035 0.362021 -0.623019
3.02578 0.126908 -0.365163
2.99972 -0.048363 -0.029012
3.09145 -0.318149 0.237527
3.32126 -0.54539 0.456128
3.65418 -0.69549 0.593511
4.03953 -0.745599 0.628761
4.41862 -0.688088 0.556512
4.73376 -0.531712 0.387763
4.93696 -0.300278 0.148203
4.99729 -0.0290193 -0.125695
4.90556 0.240767 -0.392233
4.67574 0.468008 -0.610834
4.34282 0.618108 -0.748218
3.95748 0.668217 -0.783468
3.57839 0.610706 -0.711219
3.26325 0.454329 -0.542469
3.06005 0.222895 -0.30291
2.99972 0.0483655 0.0290135
3.06005 -0.222893 0.302912
3.26325 -0.454327 0.542471
3.57838 -0.610703 0.711222
3.95748 -0.668215 0.783472
4.34282 -0.618106 0.748222
4.67574 -0.468006 0.61084
4.90556 -0.240765 0.39224
4.99729 0.0290208 0.125701
4.93696 0.300279 -0.148197
4.73376 0.531713 -0.387757
4.41862 0.68809 -0.556507
4.03953 0.745601 -0.628757
3.65419 0.695493 -0.593508
3.32126 0.545392 -0.456125
3.09145 0.318151 -0.237525
2.99748 0.145217 0.0869748
3.02578 -0.126906 0.365164
3.20035 -0.362019 0.623021
3.4946 -0.524328 0.821288
3.86375 -0.589124 0.929781
4.2516 -0.546542 0.931983
4.59909 -0.403064 0.827559
4.85333 -0.180534 0.632406
4.9756 0.0871698 0.376235
4.94731 0.359292 0.0980459
4.77274 0.594405 -0.159811
4.47849 0.756715 -0.358077
4.10934 0.821511 -0.466571
3.72149 0.778929 -0.468773
3.374 0.635451 -0.364349
3.11976 0.412921 -0.169196
2.99306 0.242437 0.14475
2.98891 -0.0299369 0.4241
3.13301 -0.268212 0.697416
3.40342 -0.436112 0.923088
3.75898 -0.508078 1.06676
4.14555 -0.473152 1.10656
4.50428 -0.336651 1.03643
4.78056 -0.119357 0.867039
4.93233 0.145649 0.624184
4.93649 0.418023 0.344834
4.79239 0.656298 0.0715182
4.52198 0.824199 -0.154154
4.16642 0.896164 -0.297826
3.77985 0.861238 -0.337625
3.42112 0.724737 -0.267492
3.14483 0.507443 -0.0981047
2.98655 0.340268 0.202239
2.94975 0.0682678 0.479553
3.06176 -0.172643 0.765312
3.3055 -0.345789 1.01601
3.64388 -0.424808 1.19349
4.02537 -0.397672 1.27072
4.39191 -0.268511 1.23595
4.68769 -0.0569895 1.09447
4.86767 0.204691 0.867818
4.90446 0.476691 0.590504
4.79246 0.717602 0.304744
4.54872 0.890748 0.0540436
4.21034 0.969767 -0.123432
3.82884 0.942631 -0.200662
3.46231 0.81347 -0.165891
3.16653 0.601949 -0.0244108
2.97807 0.438952 0.259374
2.90869 0.167966 0.531392
2.98717 -0.0750407 0.826397
3.20159 -0.253073 1.09948
3.51928 -0.339026 1.30906
3.89188 -0.319816 1.42324
4.26268 -0.198366 1.42463
4.57521 0.00683394 1.31302
4.7819 0.264544 1.1054
4.85129 0.535529 0.833384
4.7728 0.778536 0.538379
4.55839 0.956568 0.265297
4.24069 1.04252 0.0557143
3.86809 1.02331 -0.0584634
3.49729 0.901861 -0.0598533
3.18476 0.696661 0.0517564
2.96779 0.538723 0.316136
2.86613 0.269417 0.579536
2.90993 0.024878 0.880407
3.09252 -0.157664 1.17294
3.38612 -0.25042 1.41261
3.74601 -0.239268 1.56292
4.11742 -0.125906 1.60099
4.44379 0.0724082 1.52102
4.67544 0.325482 1.33519
4.7771 0.594788 1.07179
4.7333 0.839327 0.770922
4.5507 1.02187 0.478385
4.25711 1.11463 0.238719
3.89722 1.10347 0.088409
3.52581 0.990111 0.0503398
3.19944 0.791797 0.130307
2.9559 0.639811 0.372562
2.82255 0.372879 0.62397
2.83075 0.127402 0.927144
2.97926 -0.0592474 1.23593
3.24546 -0.158653 1.50332
3.58883 -0.155683 1.6886
3.9571 -0.0507872 1.76356
4.29419 0.140063 1.71681
4.54879 0.387814 1.55544
4.68214 0.654747 1.30403
4.67393 0.900224 1.00086
4.52542 1.08687 0.692071
4.25922 1.18628 0.424684
3.91585 1.18331 0.239404
3.54759 1.07841 0.164436
3.2105 0.887562 0.211195
2.94257 0.74244 0.428758
2.77844 0.478608 0.66476
2.75045 0.232825 0.966502
2.86283 0.0425093 1.28804
3.0985 -0.0633652 1.58044
3.42157 -0.0686802 1.79916
3.78285 0.0273737 1.91093
4.12734 0.210173 1.89871
4.4026 0.451888 1.76438
4.56672 0.71572 1.52838
4.59472 0.961503 1.22663
4.48233 1.15182 0.905091
4.24667 1.25769 0.612699
3.9236 1.26301 0.393972
3.56232 1.16695 0.282208
3.21783 0.984155 0.294424
2.92797 0.846825 0.484903
2.73433 0.586858 0.70207
2.66986 0.341446 0.998479
2.74439 0.147951 1.329
2.94655 0.0358311 1.64333
3.24559 0.0221552 1.89359
3.59596 0.109006 2.0417
3.94433 0.28316 2.06511
4.23767 0.518104 1.96024
4.43131 0.778072 1.74308
4.49577 1.02348 1.44667
4.42125 1.21698 1.11614
4.21908 1.3291 0.801821
3.92005 1.34277 0.551555
3.56968 1.25592 0.403445
3.2213 1.08177 0.38004
2.91223 0.953173 0.541252
2.69071 0.697874 0.736169
2.58989 0.453563 1.02321
2.62514 0.257434 1.35866
2.79107 0.139346 1.69147
3.06244 0.117277 1.97097
3.39791 0.194586 2.15459
3.74643 0.359504 2.2144
4.05494 0.586924 2.14127
4.27646 0.842223 1.94636
4.37727 1.08653 1.65932
4.34202 1.28266 1.32386
4.17609 1.40075 0.991054
3.90473 1.42282 0.711561
3.56925 1.34551 0.527934
3.22073 1.18059 0.46813
2.89539 1.06169 0.598131
2.64805 0.811899 0.767441
2.51144 0.569476 1.04096
2.50638 0.371326 1.37704
2.63362 0.247615 1.72452
2.87381 0.217177 2.03051
3.19037 0.284646 2.24841
3.5351 0.439751 2.34505
3.85554 0.658878 2.30572
4.10288 0.908666 2.13641
4.23949 1.15109 1.8629
4.24455 1.34924 1.52681
4.11731 1.47295 1.17933
3.87712 1.50339 0.873347
3.56057 1.43592 0.655447
3.21583 1.28081 0.558804
2.87744 1.17257 0.655929
2.60676 0.929167 0.796389
2.4354 0.68948 1.05217
2.38944 0.49 1.38434
2.47588 0.361094 1.74233
2.68156 0.322387 2.07162
2.97518 0.379773 2.3221
3.31202 0.524514 2.45563
3.6408 0.734576 2.45188
3.91148 0.977978 2.31142
4.08285 1.21766 2.05563
4.1288 1.41714 1.72346
4.04236 1.54605 1.36548
3.83668 1.58476 1.03618
3.54306 1.52737 0.785704
3.20622 1.38263 0.652177
2.85819 1.28602 0.715071
2.56714 1.04991 0.823622
2.36258 0.813872 1.05746
2.27565 0.613836 1.38099
2.31958 0.480259 1.74495
2.48769 0.433476 2.09393
2.75439 0.480609 2.37481
3.07906 0.614483 2.54483
3.41229 0.814717 2.57809
3.70334 1.05083 2.46954
3.9079 1.28687 2.2357
3.99483 1.4869 1.91217
3.9509 1.62048 1.54821
3.78279 1.66726 1.19923
3.51609 1.62013 0.918347
3.19142 1.48626 0.748334
2.83733 1.40227 0.775997
2.52935 1.17438 0.849841
2.29372 0.942948 1.05759
2.16631 0.743222 1.36762
2.16651 0.605606 1.73272
2.2943 0.551049 2.09732
2.53023 0.587857 2.40591
2.83836 0.710426 2.61151
3.1718 0.900097 2.68281
3.47978 1.12799 2.60897
3.71541 1.35942 2.40122
3.84282 1.55915 2.09119
3.84262 1.69676 1.72609
3.71483 1.75132 1.36149
3.47891 1.71451 1.0529
3.17077 1.59194 0.847302
2.81438 1.52158 0.839114
2.49339 1.30281 0.875806
2.22941 1.07702 1.05348
2.06263 0.878556 1.3451
2.01844 0.73765 1.70626
2.10357 0.675748 2.08197
2.30507 0.702274 2.41504
2.59224 0.813191 2.65477
2.92138 0.991612 2.76465
3.24238 1.21037 2.72796
3.50636 1.43617 2.55028
3.67314 1.63463 2.25867
3.71733 1.77554 1.89751
3.63219 1.83744 1.52179
3.4307 1.81091 1.18872
3.14352 1.7 0.948995
2.78867 1.64425 0.90475
2.45902 1.43553 0.902296
2.17002 1.21641 1.04619
1.96566 1.02026 1.31452
1.87705 0.87693 1.66644
1.9177 0.808253 2.04837
2.0814 0.824679 2.40217
2.34323 0.923708 2.67398
2.66334 1.09026 2.8224
2.99299 1.29899 2.82486
3.28199 1.51811 2.68096
3.48635 1.71426 2.41263
3.57496 1.85759 2.06071
3.53431 1.92626 1.67878
3.37061 1.90984 1.32498
3.10878 1.81081 1.05318
2.75935 1.77071 0.9731
2.42581 1.57288 0.930056
2.11571 1.36151 1.03683
1.87626 1.16877 1.27716
1.74391 1.02402 1.61446
1.73882 0.949286 1.99738
1.86176 0.955948 2.36763
2.09401 1.04299 2.66883
2.40022 1.19716 2.85514
2.73376 1.395 2.89818
3.04386 1.60637 2.79141
3.28331 1.7991 2.55108
3.41565 1.94385 2.21378
3.42074 2.01859 1.83086
3.29781 2.01193 1.46061
3.06555 1.92489 1.15941
2.72542 1.9015 1.04417
2.39307 1.71535 0.959728
2.06636 1.51278 1.02654
1.79502 1.32463 1.23442
1.62036 1.17955 1.55174
1.56898 1.09962 1.93017
1.6487 1.09702 2.31211
1.84737 1.17213 2.63941
2.13476 1.31353 2.86225
2.46711 1.49969 2.94669
2.79383 1.70226 2.87988
3.06517 1.89041 2.67199
3.23982 2.03549 2.35468
3.2912 2.11541 1.97624
3.21149 2.11802 1.5943
3.01281 2.0429 1.267
2.68578 2.03735 1.11772
2.35993 1.86356 0.991795
2.02158 1.6708 1.01641
1.72224 1.48843 1.18781
1.50749 1.34422 1.47991
1.41001 1.26011 1.84824
1.44465 1.24891 2.23672
1.60613 1.31233 2.58621
1.86987 1.44071 2.8435
2.19572 1.61451 2.96942
2.53407 1.80727 2.94481
2.83341 1.98963 2.77341
3.04817 2.13385 2.4813
3.14565 2.21796 2.11298
3.11101 2.22915 1.7245
2.94953 2.16573 1.37501
2.63927 2.17925 1.19324
2.32533 2.01836 1.02652
1.98073 1.83636 1.00741
1.65792 1.66096 1.13883
1.40605 1.51887 1.40077
1.26347 1.43171 1.75336
1.25188 1.41275 2.1429
1.37305 1.46489 2.51011
1.60853 1.58018 2.79907
1.92247 1.74107 2.9658
2.26707 1.92306 2.98491
2.58988 2.09846 2.85349
2.84175 2.24055 2.59154
2.98433 2.32771 2.23896
2.99592 2.34667 1.84941
2.87475 2.29453 1.48221
2.58476 2.32847 1.26994
2.2881 2.18089 1.06389
1.94291 2.01048 1.00032
1.60171 1.8432 1.08891
1.31648 1.70451 1.31616
1.13061 1.61553 1.64749
1.07242 1.5898 2.03245
1.15076 1.63124 2.41243
1.35371 1.73355 2.72959
1.65036 1.88113 2.93564
1.99556 2.05154 2.99921
2.33675 2.21882 2.91062
2.62199 2.35751 2.68336
2.80785 2.44649 2.35204
2.86604 2.47222 1.96708
2.7877 2.43078 1.5871
2.52121 2.48673 1.34672
2.24704 2.35266 1.10362
1.90706 2.19455 0.995672
1.55302 2.03645 1.03932
1.23883 1.90244 1.22791
1.01232 1.81293 1.53274
0.907969 1.78153 1.90739
0.941666 1.81304 2.29484
1.10828 1.90265 2.63609
1.38245 2.03671 2.87919
1.72243 2.19483 2.98713
2.07647 2.35293 2.94348
2.39066 2.48693 2.75489
2.61717 2.57645 2.45006
2.72152 2.60784 2.07541
2.68783 2.57634 1.68796
2.44779 2.65621 1.42224
2.20098 2.53569 1.1451
1.87203 2.39039 0.99372
1.511 2.24242 0.991141
1.17287 2.11432 1.13776
0.909102 2.02558 1.41124
0.759864 1.98972 1.76997
0.747872 2.01219 2.15931
0.874952 2.08957 2.52001
1.12176 2.21009 2.79715
1.45071 2.35539 2.94853
1.81174 2.50336 2.95111
2.14987 2.63146 2.80449
2.41364 2.7202 2.53101
2.56288 2.75606 2.17228
2.57487 2.73359 1.78293
2.36389 2.83969 1.49495
2.14889 2.73256 1.18749
1.83662 2.60042 0.994436
1.47463 2.46338 0.945195
1.11803 2.3423 1.04726
0.821105 2.25562 1.28509
0.629063 2.21654 1.62248
0.571138 2.231 2.00807
0.65615 2.2968 2.38315
0.871155 2.40393 2.69062
1.18342 2.53607 2.88367
1.54541 2.67312 2.93291
1.90201 2.79419 2.83084
2.19894 2.88087 2.59301
2.39098 2.91995 2.25562
2.4489 2.90549 1.87003
2.26922 3.04074 1.5632
2.0899 2.94665 1.22968
1.7997 2.82781 0.997514
1.44281 2.7023 0.902035
1.07355 2.58924 0.957783
0.748148 2.50583 1.15627
0.516138 2.46478 1.46728
0.412842 2.47233 1.84346
0.453987 2.52734 2.22755
0.633308 2.62142 2.56107
0.923505 2.74027 2.79324
1.2804 2.86577 2.88872
1.64965 2.97884 2.83297
1.97506 3.06224 2.63448
2.20707 3.10329 2.32347
2.31036 3.09574 1.94729
2.16379 3.26385 1.62525
2.0234 3.18229 1.27045
1.76025 3.07669 1.00242
1.4144 2.96313 0.861951
1.03849 2.8589 0.87044
0.689765 2.77987 1.02659
0.421304 2.73806 1.30663
0.27398 2.73985 1.66792
0.270224 2.78496 2.05547
0.410607 2.86653 2.41027
0.673756 2.97213 2.6783
1.01961 3.08568 2.81877
1.39552 3.18991 2.81028
1.74424 3.26895 2.65413
2.01271 3.31075 2.37409
2.16003 3.30896 2.01279
2.04793 3.51479 1.67938
1.94906 3.44508 1.30843
1.71743 3.35246 1.00841
1.38832 3.25105 0.824994
1.01183 3.15628 0.786103
0.64527 3.08257 0.89766
0.344454 3.04116 1.14268
0.155177 3.03834 1.48387
0.106252 3.07454 1.86927
0.20513 3.14425 2.24022
0.436755 3.23686 2.54024
0.765866 3.33828 2.72366
1.14236 3.43305 2.76255
1.50892 3.50675 2.651
1.80973 3.54817 2.40597
1.99901 3.55099 2.06479
1.9223 3.80098 1.72399
1.86678 3.74231 1.34226
1.67057 3.66224 1.01464
1.36356 3.57296 0.79101
0.992471 3.48806 0.70541
0.613807 3.42047 0.770875
0.285215 3.38047 0.977438
0.0567191 3.37415 1.29365
-0.0368936 3.40249 1.67137
0.0186283 3.46115 2.0531
0.214832 3.54122 2.38072
0.521848 3.6305 2.60435
0.892935 3.7154 2.68995
1.2716 3.783 2.62449
1.60019 3.823 2.41793
1.82869 3.82931 2.10171
1.7878 4.13216 1.75757
1.77675 4.08363 1.37057
1.61924 4.0155 1.02016
1.33923 3.93813 0.759684
0.979357 3.8633 0.62879
0.594408 3.8024 0.64741
0.242987 3.7647 0.812709
-0.0214046 3.75595 1.09952
-0.158516 3.77748 1.46418
-0.147474 3.826 1.85118
0.0100413 3.89414 2.20159
0.290049 3.97151 2.46207
0.649922 4.04634 2.59296
1.03487 4.10724 2.57434
1.38629 4.14493 2.40904
1.65068 4.15368 2.12223
1.64556 4.52138 1.77881
1.6794 4.48202 1.3921
1.56318 4.42506 1.02401
1.31458 4.35918 0.730582
0.971451 4.2944 0.556491
0.586033 4.24059 0.528237
0.217002 4.20594 0.650121
-0.0794612 4.19572 0.90359
-0.258222 4.21149 1.25005
-0.292066 4.25085 1.63677
-0.175841 4.30781 2.00485
0.0727589 4.37369 2.29828
0.415887 4.43846 2.47237
0.801305 4.49227 2.50062
1.17034 4.52693 2.37874
1.4668 4.53715 2.12527
1.49692 4.98663 1.78658
1.57536 4.95541 1.40565
1.50234 4.90876 1.02521
1.28899 4.85378 0.703186
0.967776 4.79883 0.488607
0.587606 4.7523 0.414138
0.206356 4.72125 0.491116
-0.117931 4.71041 0.707821
-0.335886 4.72145 1.03126
-0.414327 4.75267 1.4122
-0.341312 4.79932 1.79264
-0.127958 4.8543 2.11466
0.193256 4.90924 2.32924
0.573426 4.95578 2.40371
0.954676 4.98683 2.32673
1.27896 4.99766 2.11003
1.34333 5.55354 1.77997
1.46541 5.52942 1.41017
1.43684 5.4921 1.02283
1.26197 5.44727 0.676923
0.967422 5.40176 0.425111
0.598036 5.36248 0.305729
0.210049 5.33542 0.336953
-0.137472 5.32471 0.514028
-0.391618 5.33196 0.809997
-0.5137 5.35609 1.1798
-0.48513 5.3934 1.56714
-0.310259 5.43823 1.91305
-0.015709 5.48375 2.16486
0.353678 5.52303 2.28424
0.741665 5.55008 2.25302
1.08918 5.5608 2.07594
1.18637 6.2601 1.75826
1.3505 6.24203 1.40474
1.36693 6.21302 1.01599
1.23316 6.17746 0.651185
0.969552 6.14079 0.365868
0.616236 6.10858 0.203475
0.227004 6.08573 0.188729
-0.138887 6.07573 0.323874
-0.425735 6.08009 0.588337
-0.589867 6.09816 0.941855
-0.606299 6.12718 1.33061
-0.472526 6.16273 1.69541
-0.208916 6.1994 1.98073
0.144399 6.23161 2.14312
0.533631 6.25446 2.15787
0.899523 6.26446 2.02272
1.02767 7.16536 1.72092
1.23168 7.15234 1.38857
1.293 7.13054 1.00386
1.2023 7.10329 0.625345
0.973398 7.07473 0.310657
0.641134 7.04922 0.107704
0.256092 7.03063 0.0473837
-0.123106 7.02179 0.138879
-0.438732 7.02405 0.36826
-0.642735 7.03707 0.700607
-0.704057 7.05887 1.08532
-0.613362 7.08612 1.46384
-0.384458 7.11468 1.77852
-0.0521929 7.14019 1.98148
0.332848 7.15878 2.0418
0.712047 7.16762 1.9503
0.868931 8.36674 1.66762
1.11007 8.3578 1.36101
1.21553 8.34214 0.985672
1.16924 8.32213 0.598763
0.978269 8.30084 0.259181
0.671677 8.28149 0.0186237
0.296143 8.26703 -0.0862855
-0.091162 8.25967 -0.0395753
-0.431273 8.26052 0.151643
-0.672413 8.26946 0.458258
-0.777868 8.28513 0.833591
-0.731586 8.30513 1.2205
-0.540612 8.32643 1.56008
-0.234019 8.34577 1.80064
0.141515 8.36023 1.90555
0.52882 8.36759 1.85884
3.0 -9.0 0.0
2.92718 -9.0 0.374607
2.71934 -9.0 0.694658
2.40674 -9.0 0.913545
2.0349 -9.0 0.999391
1.65798 -9.0 0.939693
1.33087 -9.0 0.743145
1.10121 -9.0 0.438371
1.00244 -9.0 0.0697565
1.04894 -9.0 -0.309017
1.23396 -9.0 -0.642788
1.53053 -9.0 -0.882948
1.89547 -9.0 -0.994522
2.27564 -9.0 -0.961262
2.61566 -9.0 -0.788011
2.86603 -9.0 -0.5
3.0 -8.0 0.0
2.92718 -8.0 0.374607
2.71934 -8.0 0.694658
2.40674 -8.0 0.913545
2.0349 -8.0 0.999391
1.65798 -8.0 0.939693
1.33087 -8.0 0.743145
1.10121 -8.0 0.438371
1.00244 -8.0 0.0697565
1.04894 -8.0 -0.309017
1.23396 -8.0 -0.642788
1.53053 -8.0 -0.882948
1.89547 -8.0 -0.994522
2.27564 -8.0 -0.961262
2.61566 -8.0 -0.788011
2.86603 -8.0 -0.5
3.0 -7.0 0.0
2.92718 -7.0 0.374607
2.71934 -7.0 0.694658
2.40674 -7.0 0.913545
2.0349 -7.0 0.999391
1.65798 -7.0 0.939693
1.33087 -7.0 0.743145
1.10121 -7.0 0.438371
1.00244 -7.0 0.0697565
1.04894 -7.0 -0.309017
1.23396 -7.0 -0.642788
1.53053 -7.0 -0.882948
1.89547 -7.0 -0.994522
2.27564 -7.0 -0.961262
2.61566 -7.0 -0.788011
2.86603 -7.0 -0.5
3.0 -6.0 0.0
2.92718 -6.0 0.374607
2.71934 -6.0 0.694658
2.40674 -6.0 0.913545
2.0349 -6.0 0.999391
1.65798 -6.0 0.939693
1.33087 -6.0 0.743145
1.10121 -6.0 0.438371
1.00244 -6.0 0.0697565
1.04894 -6.0 -0.309017
1.23396 -6.0 -0.642788
1.53053 -6.0 -0.882948
1.89547 -6.0 -0.994522
2.27564 -6.0 -0.961262
2.61566 -6.0 -0.788011
2.86603 -6.0 -0.5
3.0 -5.0 0.0
2.92718 -5.0 0.374607
2.71934 -5.0 0.694658
2.40674 -5.0 0.913545
2.0349 -5.0 0.999391
1.65798 -5.0 0.939693
1.33087 -5.0 0.743145
1.10121 -5.0 0.438371
1.00244 -5.0 0.0697565
1.04894 -5.0 -0.309017
1.23396 -5.0 -0.642788
1.53053 -5.0 -0.882948
1.89547 -5.0 -0.994522
2.27564 -5.0 -0.961262
2.61566 -5.0 -0.788011
2.86603 -5.0 -0.5
3.0 -4.0 0.0
2.92718 -4.0 0.374607
2.71934 -4.0 0.694658
2.40674 -4.0 0.913545
2.0349 -4.0 0.999391
1.65798 -4.0 0.939693
1.33087 -4.0 0.743145
1.10121 -4.0 0.438371
1.00244 -4.0 0.0697565
1.04894 -4.0 -0.309017
1.23396 -4.0 -0.642788
1.53053 -4.0 -0.882948
1.89547 -4.0 -0.994522
2.27564 -4.0 -0.961262
2.61566 -4.0 -0.788011
2.86603 -4.0 -0.5
3.0 -3.0 0.0
2.92718 -3.0 0.374607
2.71934 -3.0 0.694658
2.40674 -3.0 0.913545
2.0349 -3.0 0.999391
1.65798 -3.0 0.939693
1.33087 -3.0 0.743145
1.10121 -3.0 0.438371
1.00244 -3.0 0.0697565
1.04894 -3.0 -0.309017
1.23396 -3.0 -0.642788
1.53053 -3.0 -0.882948
1.89547 -3.0 -0.994522
2.27564 -3.0 -0.961262
2.61566 -3.0 -0.788011
2.86603 -3.0 -0.5
3.0 -2.0 0.0
2.92718 -2.0 0.374607
2.71934 -2.0 0.694658
2.40674 -2.0 0.913545
2.0349 -2.0 0.999391
1.65798 -2.0 0.939693
1.33087 -2.0 0.743145
1.10121 -2.0 0.438371
1.00244 -2.0 0.0697565
1.04894 -2.0 -0.309017
1.23396 -2.0 -0.642788
1.53053 -2.0 -0.882948
1.89547 -2.0 -0.994522
2.27564 -2.0 -0.961262
2.61566 -2.0 -0.788011
2.86603 -2.0 -0.5
3.0 -1.0 0.0
2.92718 -1.0 0.374607
2.71934 -1.0 0.694658
2.40674 -1.0 0.913545
2.0349 -1.0 0.999391
1.65798 -1.0 0.939693
1.33087 -1.0 0.743145
1.10121 -1.0 0.438371
1.00244 -1.0 0.0697565
1.04894 -1.0 -0.309017
1.23396 -1.0 -0.642788
1.53053 -1.0 -0.882948
1.89547 -1.0 -0.994522
2.27564 -1.0 -0.961262
2.61566 -1.0 -0.788011
2.86603 -1.0 -0.5
3.0 0.0 0.0
2.92718 0.0 0.374607
2.71934 0.0 0.694658
2.40674 0.0 0.913545
2.0349 0.0 0.999391
1.65798 0.0 0.939693
1.33087 0.0 0.743145
1.10121 0.0 0.438371
1.00244 0.0 0.0697565
1.04894 0.0 -0.309017
1.23396 0.0 -0.642788
1.53053 0.0 -0.882948
1.89547 0.0 -0.994522
2.27564 0.0 -0.961262
2.61566 0.0 -0.788011
2.86603 0.0 -0.5
3.0 1.0 0.0
2.92718 1.0 0.374607
2.71934 1.0 0.694658
2.40674 1.0 0.913545
2.0349 1.0 0.999391
1.65798 1.0 0.939693
1.33087 1.0 0.743145
1.10121 1.0 0.438371
1.00244 1.0 0.0697565
1.04894 1.0 -0.309017
1.23396 1.0 -0.642788
1.53053 1.0 -0.882948
1.89547 1.0 -0.994522
2.27564 1.0 -0.961262
2.61566 1.0 -0.788011
2.86603 1.0 -0.5
3.0 2.0 0.0
2.92718 2.0 0.374607
2.71934 2.0 0.694658
2.40674 2.0 0.913545
2.0349 2.0 0.999391
1.65798 2.0 0.939693
1.33087 2.0 0.743145
1.10121 2.0 0.438371
1.00244 2.0 0.0697565
1.04894 2.0 -0.309017
1.23396 2.0 -0.642788
1.53053 2.0 -0.882948
1.89547 2.0 -0.994522
2.27564 2.0 -0.961262
2.61566 2.0 -0.788011
2.86603 2.0 -0.5
3.0 3.0 0.0
2.92718 3.0 0.374607
2.71934 3.0 0.694658
2.40674 3.0 0.913545
2.0349 3.0 0.999391
1.65798 3.0 0.939693
1.33087 3.0 0.743145
1.10121 3.0 0.438371
1.00244 3.0 0.0697565
1.04894 3.0 -0.309017
1.23396 3.0 -0.642788
1.53053 3.0 -0.882948
1.89547 3.0 -0.994522
2.27564 3.0 -0.961262
2.61566 3.0 -0.788011
2.86603 3.0 -0.5
3.0 4.0 0.0
2.92718 4.0 0.374607
2.71934 4.0 0.694658
2.40674 4.0 0.913545
2.0349 4.0 0.999391
1.65798 4.0 0.939693
1.33087 4.0 0.743145
1.10121 4.0 0.438371
1.00244 4.0 0.0697565
1.04894 4.0 -0.309017
1.23396 4.0 -0.642788
1.53053 4.0 -0.882948
1.89547 4.0 -0.994522
2.27564 4.0 -0.961262
2.61566 4.0 -0.788011
2.86603 4.0 -0.5
3.0 5.0 0.0
2.92718 5.0 0.374607
2.71934 5.0 0.694658
2.40674 5.0 0.913545
2.0349 5.0 0.999391
1.65798 5.0 0.939693
1.33087 5.0 0.743145
1.10121 5.0 0.438371
1.00244 5.0 0.0697565
1.04894 5.0 -0.309017
1.23396 5.0 -0.642788
1.53053 5.0 -0.882948
1.89547 5.0 -0.994522
2.27564 5.0 -0.961262
2.61566 5.0 -0.788011
2.86603 5.0 -0.5
3.0 6.0 0.0
2.92718 6.0 0.374607
2.71934 6.0 0.694658
2.40674 6.0 0.913545
2.0349 6.0 0.999391
1.65798 6.0 0.939693
1.33087 6.0 0.743145
1.10121 6.0 0.438371
1.00244 6.0 0.0697565
1.04894 6.0 -0.309017
1.23396 6.0 -0.642788
1.53053 6.0 -0.882948
1.89547 6.0 -0.994522
2.27564 6.0 -0.961262
2.61566 6.0 -0.788011
2.86603 6.0 -0.5
3.0 7.0 0.0
2.92718 7.0 0.374607
2.71934 7.0 0.694658
2.40674 7.0 0.913545
2.0349 7.0 0.999391
1.65798 7.0 0.939693
1.33087 7.0 0.743145
1.10121 7.0 0.438371
1.00244 7.0 0.0697565
1.04894 7.0 -0.309017
1.23396 7.0 -0.642788
1.53053 7.0 -0.882948
1.89547 7.0 -0.994522
2.27564 7.0 -0.961262
2.61566 7.0 -0.788011
2.86603 7.0 -0.5
3.0 8.0 0.0
2.92718 8.0 0.374607
2.71934 8.0 0.694658
2.40674 8.0 0.913545
2.0349 8.0 0.999391
1.65798 8.0 0.939693
1.33087 8.0 0.743145
1.10121 8.0 0.438371
1.00244 8.0 0.0697565
1.04894 8.0 -0.309017
1.23396 8.0 -0.642788
1.53053 8.0 -0.882948
1.89547 8.0 -0.994522
2.27564 8.0 -0.961262
2.61566 8.0 -0.788011
2.86603 8.0 -0.5
3.0 9.0 0.0
2.92718 9.0 0.374607
2.71934 9.0 0.694658
2.40674 9.0 0.913545
2.0349 9.0 0.999391
1.65798 9.0 0.939693
1.33087 9.0 0.743145
1.10121 9.0 0.438371
1.00244 9.0 0.0697565
1.04894 9.0 -0.309017
1.23396 9.0 -0.642788
1.53053 9.0 -0.882948
1.89547 9.0 -0.994522
2.27564 9.0 -0.961262
2.61566 9.0 -0.788011
2.86603 9.0 -0.5
