[1026 1027 1028 1022 1023 1020 1018 1014 1015 1012 1010 1008 1006 1004 1002 999 998 996 994 991 990 986 985 984 982 981 983 989 988 987 993 992 995 997 1001 1000 1003 1005 1007 1009 1011 1013 1016 1017 1019 1021 1024 1025 1029 1030 1031 1032 ]
[1 0 18 19 ]
[2 1 19 20 ]
[3 2 20 21 ]
[4 3 21 22 ]
[5 4 22 23 ]
[6 5 23 24 ]
[7 6 24 25 ]
[8 7 25 26 ]
[9 8 26 27 ]
[10 9 27 28 ]
[11 10 28 29 ]
[12 11 29 30 ]
[13 12 30 31 ]
[14 13 31 32 ]
[15 14 32 33 ]
[16 15 33 34 ]
[17 16 34 35 ]
[0 17 35 18 ]
[19 18 36 37 ]
[20 19 37 38 ]
[21 20 38 39 ]
[22 21 39 40 ]
[23 22 40 41 ]
[24 23 41 42 ]
[25 24 42 43 ]
[26 25 43 44 ]
[27 26 44 45 ]
[28 27 45 46 ]
[29 28 46 47 ]
[30 29 47 48 ]
[31 30 48 49 ]
[32 31 49 50 ]
[33 32 50 51 ]
[34 33 51 52 ]
[35 34 52 53 ]
[18 35 53 36 ]
[37 36 54 55 ]
[38 37 55 56 ]
[39 38 56 57 ]
[40 39 57 58 ]
[41 40 58 59 ]
[42 41 59 60 ]
[43 42 60 61 ]
[44 43 61 62 ]
[45 44 62 63 ]
[46 45 63 64 ]
[47 46 64 65 ]
[48 47 65 66 ]
[49 48 66 67 ]
[50 49 67 68 ]
[51 50 68 69 ]
[52 51 69 70 ]
[53 52 70 71 ]
[36 53 71 54 ]
[55 54 72 73 ]
[56 55 73 74 ]
[57 56 74 75 ]
[58 57 75 76 ]
[59 58 76 77 ]
[60 59 77 78 ]
[61 60 78 79 ]
[62 61 79 80 ]
[63 62 80 81 ]
[64 63 81 82 ]
[65 64 82 83 ]
[66 65 83 84 ]
[67 66 84 85 ]
[68 67 85 86 ]
[69 68 86 87 ]
[70 69 87 88 ]
[71 70 88 89 ]
[54 71 89 72 ]
[73 72 90 91 ]
[74 73 91 92 ]
[75 74 92 93 ]
[76 75 93 94 ]
[77 76 94 95 ]
[78 77 95 96 ]
[79 78 96 97 ]
[80 79 97 98 ]
[81 80 98 99 ]
[82 81 99 100 ]
[83 82 100 101 ]
[84 83 101 102 ]
[85 84 102 103 ]
[86 85 103 104 ]
[87 86 104 105 ]
[88 87 105 106 ]
[89 88 106 107 ]
[72 89 107 90 ]
[91 90 108 109 ]
[92 91 109 110 ]
[93 92 110 111 ]
[94 93 111 112 ]
[95 94 112 113 ]
[96 95 113 114 ]
[97 96 114 115 ]
[98 97 115 116 ]
[99 98 116 117 ]
[100 99 117 118 ]
[101 100 118 119 ]
[102 101 119 120 ]
[103 102 120 121 ]
[104 103 121 122 ]
[105 104 122 123 ]
[106 105 123 124 ]
[107 106 124 125 ]
[90 107 125 108 ]
[109 108 126 127 ]
[110 109 127 128 ]
[111 110 128 129 ]
[112 111 129 130 ]
[113 112 130 131 ]
[114 113 131 132 ]
[115 114 132 133 ]
[116 115 133 134 ]
[117 116 134 135 ]
[118 117 135 136 ]
[119 118 136 137 ]
[120 119 137 138 ]
[121 120 138 139 ]
[122 121 139 140 ]
[123 122 140 141 ]
[124 123 141 142 ]
[125 124 142 143 ]
[108 125 143 126 ]
[127 126 144 145 ]
[128 127 145 146 ]
[129 128 146 147 ]
[130 129 147 148 ]
[131 130 148 149 ]
[132 131 149 150 ]
[133 132 150 151 ]
[134 133 151 152 ]
[135 134 152 153 ]
[136 135 153 154 ]
[137 136 154 155 ]
[138 137 155 156 ]
[139 138 156 157 ]
[140 139 157 158 ]
[141 140 158 159 ]
[142 141 159 160 ]
[143 142 160 161 ]
[126 143 161 144 ]
[145 144 162 163 ]
[146 145 163 164 ]
[147 146 164 165 ]
[148 147 165 166 ]
[149 148 166 167 ]
[150 149 167 168 ]
[151 150 168 169 ]
[152 151 169 170 ]
[153 152 170 171 ]
[154 153 171 172 ]
[155 154 172 173 ]
[156 155 173 174 ]
[157 156 174 175 ]
[158 157 175 176 ]
[159 158 176 177 ]
[160 159 177 178 ]
[161 160 178 179 ]
[144 161 179 162 ]
[163 162 180 181 ]
[164 163 181 182 ]
[165 164 182 183 ]
[166 165 183 184 ]
[167 166 184 185 ]
[168 167 185 186 ]
[169 168 186 187 ]
[170 169 187 188 ]
[171 170 188 189 ]
[172 171 189 190 ]
[173 172 190 191 ]
[174 173 191 192 ]
[175 174 192 193 ]
[176 175 193 194 ]
[177 176 194 195 ]
[178 177 195 196 ]
[179 178 196 197 ]
[162 179 197 180 ]
[181 180 198 199 ]
[182 181 199 200 ]
[183 182 200 201 ]
[184 183 201 202 ]
[185 184 202 203 ]
[186 185 203 204 ]
[187 186 204 205 ]
[188 187 205 206 ]
[189 188 206 207 ]
[190 189 207 208 ]
[191 190 208 209 ]
[192 191 209 210 ]
[193 192 210 211 ]
[194 193 211 212 ]
[195 194 212 213 ]
[196 195 213 214 ]
[197 196 214 215 ]
[180 197 215 198 ]
[199 198 216 217 ]
[200 199 217 218 ]
[201 200 218 219 ]
[202 201 219 220 ]
[203 202 220 221 ]
[204 203 221 222 ]
[205 204 222 223 ]
[206 205 223 224 ]
[207 206 224 225 ]
[208 207 225 226 ]
[209 208 226 227 ]
[210 209 227 228 ]
[211 210 228 229 ]
[212 211 229 230 ]
[213 212 230 231 ]
[214 213 231 232 ]
[215 214 232 233 ]
[198 215 233 216 ]
[217 216 234 235 ]
[218 217 235 236 ]
[219 218 236 237 ]
[220 219 237 238 ]
[221 220 238 239 ]
[222 221 239 240 ]
[223 222 240 241 ]
[224 223 241 242 ]
[225 224 242 243 ]
[226 225 243 244 ]
[227 226 244 245 ]
[228 227 245 246 ]
[229 228 246 247 ]
[230 229 247 248 ]
[231 230 248 249 ]
[232 231 249 250 ]
[233 232 250 251 ]
[216 233 251 234 ]
[235 234 252 253 ]
[236 235 253 254 ]
[237 236 254 255 ]
[238 237 255 256 ]
[239 238 256 257 ]
[240 239 257 258 ]
[241 240 258 259 ]
[242 241 259 260 ]
[243 242 260 261 ]
[244 243 261 262 ]
[245 244 262 263 ]
[246 245 263 264 ]
[247 246 264 265 ]
[248 247 265 266 ]
[249 248 266 267 ]
[250 249 267 268 ]
[251 250 268 269 ]
[234 251 269 252 ]
[253 252 270 271 ]
[254 253 271 272 ]
[255 254 272 273 ]
[256 255 273 274 ]
[257 256 274 275 ]
[258 257 275 276 ]
[259 258 276 277 ]
[260 259 277 278 ]
[261 260 278 279 ]
[262 261 279 280 ]
[263 262 280 281 ]
[264 263 281 282 ]
[265 264 282 283 ]
[266 265 283 284 ]
[267 266 284 285 ]
[268 267 285 286 ]
[269 268 286 287 ]
[252 269 287 270 ]
[271 270 288 289 ]
[272 271 289 290 ]
[273 272 290 291 ]
[274 273 291 292 ]
[275 274 292 293 ]
[276 275 293 294 ]
[277 276 294 295 ]
[278 277 295 296 ]
[279 278 296 297 ]
[280 279 297 298 ]
[281 280 298 299 ]
[282 281 299 300 ]
[283 282 300 301 ]
[284 283 301 302 ]
[285 284 302 303 ]
[286 285 303 304 ]
[287 286 304 305 ]
[270 287 305 288 ]
[289 288 306 307 ]
[290 289 307 308 ]
[291 290 308 309 ]
[292 291 309 310 ]
[293 292 310 311 ]
[294 293 311 312 ]
[295 294 312 313 ]
[296 295 313 314 ]
[297 296 314 315 ]
[298 297 315 316 ]
[299 298 316 317 ]
[300 299 317 318 ]
[301 300 318 319 ]
[302 301 319 320 ]
[303 302 320 321 ]
[304 303 321 322 ]
[305 304 322 323 ]
[288 305 323 306 ]
[307 306 324 325 ]
[308 307 325 326 ]
[309 308 326 327 ]
[310 309 327 328 ]
[311 310 328 329 ]
[312 311 329 330 ]
[313 312 330 331 ]
[314 313 331 332 ]
[315 314 332 333 ]
[316 315 333 334 ]
[317 316 334 335 ]
[318 317 335 336 ]
[319 318 336 337 ]
[320 319 337 338 ]
[321 320 338 339 ]
[322 321 339 340 ]
[323 322 340 341 ]
[306 323 341 324 ]
[325 324 342 343 ]
[326 325 343 344 ]
[327 326 344 345 ]
[328 327 345 346 ]
[329 328 346 347 ]
[330 329 347 348 ]
[331 330 348 349 ]
[332 331 349 350 ]
[333 332 350 351 ]
[334 333 351 352 ]
[335 334 352 353 ]
[336 335 353 354 ]
[337 336 354 355 ]
[338 337 355 356 ]
[339 338 356 357 ]
[340 339 357 358 ]
[341 340 358 359 ]
[324 341 359 342 ]
[343 342 360 361 ]
[344 343 361 362 ]
[345 344 362 363 ]
[346 345 363 364 ]
[347 346 364 365 ]
[348 347 365 366 ]
[349 348 366 367 ]
[350 349 367 368 ]
[351 350 368 369 ]
[352 351 369 370 ]
[353 352 370 371 ]
[354 353 371 372 ]
[355 354 372 373 ]
[356 355 373 374 ]
[357 356 374 375 ]
[358 357 375 376 ]
[359 358 376 377 ]
[342 359 377 360 ]
[361 360 378 379 ]
[362 361 379 380 ]
[363 362 380 381 ]
[364 363 381 382 ]
[365 364 382 383 ]
[366 365 383 384 ]
[367 366 384 385 ]
[368 367 385 386 ]
[369 368 386 387 ]
[370 369 387 388 ]
[371 370 388 389 ]
[372 371 389 390 ]
[373 372 390 391 ]
[374 373 391 392 ]
[375 374 392 393 ]
[376 375 393 394 ]
[377 376 394 395 ]
[360 377 395 378 ]
[379 378 396 397 ]
[380 379 397 398 ]
[381 380 398 399 ]
[382 381 399 400 ]
[383 382 400 401 ]
[384 383 401 402 ]
[385 384 402 403 ]
[386 385 403 404 ]
[387 386 404 405 ]
[388 387 405 406 ]
[389 388 406 407 ]
[390 389 407 408 ]
[391 390 408 409 ]
[392 391 409 410 ]
[393 392 410 411 ]
[394 393 411 412 ]
[395 394 412 413 ]
[378 395 413 396 ]
[397 396 414 415 ]
[398 397 415 416 ]
[399 398 416 417 ]
[400 399 417 418 ]
[401 400 418 419 ]
[402 401 419 420 ]
[403 402 420 421 ]
[404 403 421 422 ]
[405 404 422 423 ]
[406 405 423 424 ]
[407 406 424 425 ]
[408 407 425 426 ]
[409 408 426 427 ]
[410 409 427 428 ]
[411 410 428 429 ]
[412 411 429 430 ]
[413 412 430 431 ]
[396 413 431 414 ]
[415 414 432 433 ]
[416 415 433 434 ]
[417 416 434 435 ]
[418 417 435 436 ]
[419 418 436 437 ]
[420 419 437 438 ]
[421 420 438 439 ]
[422 421 439 440 ]
[423 422 440 441 ]
[424 423 441 442 ]
[425 424 442 443 ]
[426 425 443 444 ]
[427 426 444 445 ]
[428 427 445 446 ]
[429 428 446 447 ]
[430 429 447 448 ]
[431 430 448 449 ]
[414 431 449 432 ]
[433 432 450 451 ]
[434 433 451 452 ]
[435 434 452 453 ]
[436 435 453 454 ]
[437 436 454 455 ]
[438 437 455 456 ]
[439 438 456 457 ]
[440 439 457 458 ]
[441 440 458 459 ]
[442 441 459 460 ]
[443 442 460 461 ]
[444 443 461 462 ]
[445 444 462 463 ]
[446 445 463 464 ]
[447 446 464 465 ]
[448 447 465 466 ]
[449 448 466 467 ]
[432 449 467 450 ]
[451 450 468 469 ]
[452 451 469 470 ]
[453 452 470 471 ]
[454 453 471 472 ]
[455 454 472 473 ]
[456 455 473 474 ]
[457 456 474 475 ]
[458 457 475 476 ]
[459 458 476 477 ]
[460 459 477 478 ]
[461 460 478 479 ]
[462 461 479 480 ]
[463 462 480 481 ]
[464 463 481 482 ]
[465 464 482 483 ]
[466 465 483 484 ]
[467 466 484 485 ]
[450 467 485 468 ]
[469 468 486 487 ]
[470 469 487 488 ]
[471 470 488 489 ]
[472 471 489 490 ]
[473 472 490 491 ]
[474 473 491 492 ]
[475 474 492 493 ]
[476 475 493 494 ]
[477 476 494 495 ]
[478 477 495 496 ]
[479 478 496 497 ]
[480 479 497 498 ]
[481 480 498 499 ]
[482 481 499 500 ]
[483 482 500 501 ]
[484 483 501 502 ]
[485 484 502 503 ]
[468 485 503 486 ]
[487 486 504 505 ]
[488 487 505 506 ]
[489 488 506 507 ]
[490 489 507 508 ]
[491 490 508 509 ]
[492 491 509 510 ]
[493 492 510 511 ]
[494 493 511 512 ]
[495 494 512 513 ]
[496 495 513 514 ]
[497 496 514 515 ]
[498 497 515 516 ]
[499 498 516 517 ]
[500 499 517 518 ]
[501 500 518 519 ]
[502 501 519 520 ]
[503 502 520 521 ]
[486 503 521 504 ]
[505 504 522 523 ]
[506 505 523 524 ]
[507 506 524 525 ]
[508 507 525 526 ]
[509 508 526 527 ]
[510 509 527 528 ]
[511 510 528 529 ]
[512 511 529 530 ]
[513 512 530 531 ]
[514 513 531 532 ]
[515 514 532 533 ]
[516 515 533 534 ]
[517 516 534 535 ]
[518 517 535 536 ]
[519 518 536 537 ]
[520 519 537 538 ]
[521 520 538 539 ]
[504 521 539 522 ]
[523 522 540 541 ]
[524 523 541 542 ]
[525 524 542 543 ]
[526 525 543 544 ]
[527 526 544 545 ]
[528 527 545 546 ]
[529 528 546 547 ]
[530 529 547 548 ]
[531 530 548 549 ]
[532 531 549 550 ]
[533 532 550 551 ]
[534 533 551 552 ]
[535 534 552 553 ]
[536 535 553 554 ]
[537 536 554 555 ]
[538 537 555 556 ]
[539 538 556 557 ]
[522 539 557 540 ]
[541 540 558 559 ]
[542 541 559 560 ]
[543 542 560 561 ]
[544 543 561 562 ]
[545 544 562 563 ]
[546 545 563 564 ]
[547 546 564 565 ]
[548 547 565 566 ]
[549 548 566 567 ]
[550 549 567 568 ]
[551 550 568 569 ]
[552 551 569 570 ]
[553 552 570 571 ]
[554 553 571 572 ]
[555 554 572 573 ]
[556 555 573 574 ]
[557 556 574 575 ]
[540 557 575 558 ]
[559 558 576 577 ]
[560 559 577 578 ]
[561 560 578 579 ]
[562 561 579 580 ]
[563 562 580 581 ]
[564 563 581 582 ]
[565 564 582 583 ]
[566 565 583 584 ]
[567 566 584 585 ]
[568 567 585 586 ]
[569 568 586 587 ]
[570 569 587 588 ]
[571 570 588 589 ]
[572 571 589 590 ]
[573 572 590 591 ]
[574 573 591 592 ]
[575 574 592 593 ]
[558 575 593 576 ]
[577 576 594 595 ]
[578 577 595 596 ]
[579 578 596 597 ]
[580 579 597 598 ]
[581 580 598 599 ]
[582 581 599 600 ]
[583 582 600 601 ]
[584 583 601 602 ]
[585 584 602 603 ]
[586 585 603 604 ]
[587 586 604 605 ]
[588 587 605 606 ]
[589 588 606 607 ]
[590 589 607 608 ]
[591 590 608 609 ]
[592 591 609 610 ]
[593 592 610 611 ]
[576 593 611 594 ]
[595 594 612 613 ]
[596 595 613 614 ]
[597 596 614 615 ]
[598 597 615 616 ]
[599 598 616 617 ]
[600 599 617 618 ]
[601 600 618 619 ]
[602 601 619 620 ]
[603 602 620 621 ]
[604 603 621 622 ]
[605 604 622 623 ]
[606 605 623 624 ]
[607 606 624 625 ]
[608 607 625 626 ]
[609 608 626 627 ]
[610 609 627 628 ]
[611 610 628 629 ]
[594 611 629 612 ]
[613 612 630 631 ]
[614 613 631 632 ]
[615 614 632 633 ]
[616 615 633 634 ]
[617 616 634 635 ]
[618 617 635 636 ]
[619 618 636 637 ]
[620 619 637 638 ]
[621 620 638 639 ]
[622 621 639 640 ]
[623 622 640 641 ]
[624 623 641 642 ]
[625 624 642 643 ]
[626 625 643 644 ]
[627 626 644 645 ]
[628 627 645 646 ]
[629 628 646 647 ]
[612 629 647 630 ]
[631 630 648 649 ]
[632 631 649 650 ]
[633 632 650 651 ]
[634 633 651 652 ]
[635 634 652 653 ]
[636 635 653 654 ]
[637 636 654 655 ]
[638 637 655 656 ]
[639 638 656 657 ]
[640 639 657 658 ]
[641 640 658 659 ]
[642 641 659 660 ]
[643 642 660 661 ]
[644 643 661 662 ]
[645 644 662 663 ]
[646 645 663 664 ]
[647 646 664 665 ]
[630 647 665 648 ]
[650 649 666 667 ]
[651 650 667 668 ]
[652 651 668 669 ]
[653 652 669 670 ]
[654 653 670 671 ]
[655 654 671 672 ]
[656 655 672 673 ]
[657 656 673 674 ]
[658 657 674 675 ]
[659 658 675 676 ]
[660 659 676 677 ]
[661 660 677 678 ]
[662 661 678 679 ]
[663 662 679 680 ]
[664 663 680 681 ]
[665 664 681 682 ]
[669 668 683 684 ]
[670 669 684 685 ]
[671 670 685 686 ]
[672 671 686 687 ]
[673 672 687 688 ]
[674 673 688 689 ]
[675 674 689 690 ]
[676 675 690 691 ]
[677 676 691 692 ]
[678 677 692 693 ]
[679 678 693 694 ]
[680 679 694 695 ]
[685 684 696 697 ]
[686 685 697 698 ]
[687 686 698 699 ]
[688 687 699 700 ]
[689 688 700 701 ]
[690 689 701 702 ]
[691 690 702 703 ]
[692 691 703 704 ]
[693 692 704 705 ]
[694 693 705 706 ]
[697 696 707 708 ]
[698 697 708 709 ]
[699 698 709 710 ]
[700 699 710 711 ]
[701 700 711 712 ]
[702 701 712 713 ]
[703 702 713 714 ]
[704 703 714 715 ]
[705 704 715 716 ]
[706 705 716 717 ]
[708 707 718 719 ]
[709 708 719 720 ]
[710 709 720 721 ]
[711 710 721 722 ]
[712 711 722 723 ]
[713 712 723 724 ]
[714 713 724 725 ]
[715 714 725 726 ]
[716 715 726 727 ]
[717 716 727 728 ]
[720 719 729 730 ]
[721 720 730 731 ]
[722 721 731 732 ]
[723 722 732 733 ]
[724 723 733 734 ]
[725 724 734 735 ]
[726 725 735 736 ]
[727 726 736 737 ]
[730 729 738 739 ]
[731 730 739 740 ]
[732 731 740 741 ]
[733 732 741 742 ]
[734 733 742 743 ]
[735 734 743 744 ]
[736 735 744 745 ]
[737 736 745 746 ]
[739 738 747 748 ]
[740 739 748 749 ]
[741 740 749 750 ]
[742 741 750 751 ]
[743 742 751 752 ]
[744 743 752 753 ]
[745 744 753 754 ]
[746 745 754 755 ]
[748 747 756 757 ]
[749 748 757 758 ]
[750 749 758 759 ]
[751 750 759 760 ]
[752 751 760 761 ]
[753 752 761 762 ]
[754 753 762 763 ]
[755 754 763 764 ]
[757 756 765 766 ]
[758 757 766 767 ]
[759 758 767 768 ]
[760 759 768 769 ]
[761 760 769 770 ]
[762 761 770 771 ]
[763 762 771 772 ]
[764 763 772 773 ]
[766 765 774 775 ]
[767 766 775 776 ]
[768 767 776 777 ]
[769 768 777 778 ]
[770 769 778 779 ]
[771 770 779 780 ]
[772 771 780 781 ]
[773 772 781 782 ]
[775 774 783 784 ]
[776 775 784 785 ]
[777 776 785 786 ]
[778 777 786 787 ]
[779 778 787 788 ]
[780 779 788 789 ]
[781 780 789 790 ]
[782 781 790 791 ]
[784 783 793 794 ]
[785 784 794 795 ]
[786 785 795 796 ]
[787 786 796 797 ]
[788 787 797 798 ]
[789 788 798 799 ]
[790 789 799 800 ]
[791 790 800 801 ]
[793 792 803 804 ]
[794 793 804 805 ]
[795 794 805 806 ]
[796 795 806 807 ]
[797 796 807 808 ]
[798 797 808 809 ]
[799 798 809 810 ]
[800 799 810 811 ]
[801 800 811 812 ]
[802 801 812 813 ]
[804 803 814 815 ]
[805 804 815 816 ]
[806 805 816 817 ]
[807 806 817 818 ]
[808 807 818 819 ]
[809 808 819 820 ]
[810 809 820 821 ]
[811 810 821 822 ]
[812 811 822 823 ]
[813 812 823 824 ]
[815 814 826 827 ]
[816 815 827 828 ]
[817 816 828 829 ]
[818 817 829 830 ]
[819 818 830 831 ]
[820 819 831 832 ]
[821 820 832 833 ]
[822 821 833 834 ]
[823 822 834 835 ]
[824 823 835 836 ]
[826 825 840 841 ]
[827 826 841 842 ]
[828 827 842 843 ]
[829 828 843 844 ]
[830 829 844 845 ]
[831 830 845 846 ]
[832 831 846 847 ]
[833 832 847 848 ]
[834 833 848 849 ]
[835 834 849 850 ]
[836 835 850 851 ]
[837 836 851 852 ]
[839 838 856 857 ]
[840 839 857 858 ]
[841 840 858 859 ]
[842 841 859 860 ]
[843 842 860 861 ]
[844 843 861 862 ]
[845 844 862 863 ]
[846 845 863 864 ]
[847 846 864 865 ]
[848 847 865 866 ]
[849 848 866 867 ]
[850 849 867 868 ]
[851 850 868 869 ]
[852 851 869 870 ]
[853 852 870 871 ]
[854 853 871 872 ]
[856 855 873 874 ]
[857 856 874 875 ]
[858 857 875 876 ]
[859 858 876 877 ]
[860 859 877 878 ]
[861 860 878 879 ]
[862 861 879 880 ]
[863 862 880 881 ]
[864 863 881 882 ]
[865 864 882 883 ]
[866 865 883 884 ]
[867 866 884 885 ]
[868 867 885 886 ]
[869 868 886 887 ]
[870 869 887 888 ]
[871 870 888 889 ]
[872 871 889 890 ]
[855 872 890 873 ]
[874 873 891 892 ]
[875 874 892 893 ]
[876 875 893 894 ]
[877 876 894 895 ]
[878 877 895 896 ]
[879 878 896 897 ]
[880 879 897 898 ]
[881 880 898 899 ]
[882 881 899 900 ]
[883 882 900 901 ]
[884 883 901 902 ]
[885 884 902 903 ]
[886 885 903 904 ]
[887 886 904 905 ]
[888 887 905 906 ]
[889 888 906 907 ]
[890 889 907 908 ]
[873 890 908 891 ]
[892 891 909 910 ]
[893 892 910 911 ]
[894 893 911 912 ]
[895 894 912 913 ]
[896 895 913 914 ]
[897 896 914 915 ]
[898 897 915 916 ]
[899 898 916 917 ]
[900 899 917 918 ]
[901 900 918 919 ]
[902 901 919 920 ]
[903 902 920 921 ]
[904 903 921 922 ]
[905 904 922 923 ]
[906 905 923 924 ]
[907 906 924 925 ]
[908 907 925 926 ]
[891 908 926 909 ]
[910 909 927 928 ]
[911 910 928 929 ]
[912 911 929 930 ]
[913 912 930 931 ]
[914 913 931 932 ]
[915 914 932 933 ]
[916 915 933 934 ]
[917 916 934 935 ]
[918 917 935 936 ]
[919 918 936 937 ]
[920 919 937 938 ]
[921 920 938 939 ]
[922 921 939 940 ]
[923 922 940 941 ]
[924 923 941 942 ]
[925 924 942 943 ]
[926 925 943 944 ]
[909 926 944 927 ]
[928 927 945 946 ]
[929 928 946 947 ]
[930 929 947 948 ]
[931 930 948 949 ]
[932 931 949 950 ]
[933 932 950 951 ]
[934 933 951 952 ]
[935 934 952 953 ]
[936 935 953 954 ]
[937 936 954 955 ]
[938 937 955 956 ]
[939 938 956 957 ]
[940 939 957 958 ]
[941 940 958 959 ]
[942 941 959 960 ]
[943 942 960 961 ]
[944 943 961 962 ]
[927 944 962 945 ]
[946 945 963 964 ]
[947 946 964 965 ]
[948 947 965 966 ]
[949 948 966 967 ]
[950 949 967 968 ]
[951 950 968 969 ]
[952 951 969 970 ]
[953 952 970 971 ]
[954 953 971 972 ]
[955 954 972 973 ]
[956 955 973 974 ]
[957 956 974 975 ]
[958 957 975 976 ]
[959 958 976 977 ]
[960 959 977 978 ]
[961 960 978 979 ]
[962 961 979 980 ]
[945 962 980 963 ]
[982 666 649 648 981 ]
[981 648 665 682 983 ]
[984 666 982 ]
[985 667 666 984 ]
[986 683 668 667 985 ]
[988 681 680 695 987 ]
[989 682 681 988 ]
[983 682 989 ]
[990 683 986 ]
[991 696 684 683 990 ]
[993 695 694 706 992 ]
[987 695 993 ]
[994 707 696 991 ]
[992 706 717 995 ]
[996 718 707 994 ]
[995 717 728 997 ]
[998 718 996 ]
[999 729 719 718 998 ]
[1001 728 727 737 1000 ]
[997 728 1001 ]
[1002 738 729 999 ]
[1000 737 746 1003 ]
[1004 747 738 1002 ]
[1003 746 755 1005 ]
[1006 756 747 1004 ]
[1005 755 764 1007 ]
[1008 765 756 1006 ]
[1007 764 773 1009 ]
[1010 774 765 1008 ]
[1009 773 782 1011 ]
[1012 783 774 1010 ]
[1011 782 791 1013 ]
[1014 792 1015 ]
[1015 792 793 783 1012 ]
[1013 791 801 802 1016 ]
[1016 802 1017 ]
[1018 803 792 1014 ]
[1017 802 813 1019 ]
[1020 814 803 1018 ]
[1019 813 824 1021 ]
[1022 825 1023 ]
[1023 825 826 814 1020 ]
[1021 824 836 837 1024 ]
[1024 837 1025 ]
[1026 838 1027 ]
[1027 838 839 1028 ]
[1028 839 840 825 1022 ]
[1025 837 852 853 1029 ]
[1029 853 854 1030 ]
[1030 854 1031 ]
[1032 855 856 838 1026 ]
[1031 854 872 855 1032 ]
