[740 741 742 743 735 736 731 732 727 728 722 723 724 725 726 729 730 733 734 737 738 744 745 746 747 739 ]
[720 719 716 715 712 711 708 707 701 700 699 698 697 696 706 705 704 703 702 710 709 714 713 718 717 721 ]
[1 0 18 19 ]
[2 1 19 20 ]
[3 2 20 21 ]
[4 3 21 22 ]
[5 4 22 23 ]
[6 5 23 24 ]
[7 6 24 25 ]
[8 7 25 26 ]
[9 8 26 27 ]
[10 9 27 28 ]
[11 10 28 29 ]
[12 11 29 30 ]
[13 12 30 31 ]
[14 13 31 32 ]
[15 14 32 33 ]
[16 15 33 34 ]
[17 16 34 35 ]
[0 17 35 18 ]
[19 18 36 37 ]
[20 19 37 38 ]
[21 20 38 39 ]
[22 21 39 40 ]
[23 22 40 41 ]
[24 23 41 42 ]
[25 24 42 43 ]
[26 25 43 44 ]
[27 26 44 45 ]
[28 27 45 46 ]
[29 28 46 47 ]
[30 29 47 48 ]
[31 30 48 49 ]
[32 31 49 50 ]
[33 32 50 51 ]
[34 33 51 52 ]
[35 34 52 53 ]
[18 35 53 36 ]
[37 36 54 55 ]
[38 37 55 56 ]
[39 38 56 57 ]
[40 39 57 58 ]
[41 40 58 59 ]
[42 41 59 60 ]
[43 42 60 61 ]
[44 43 61 62 ]
[45 44 62 63 ]
[46 45 63 64 ]
[47 46 64 65 ]
[48 47 65 66 ]
[49 48 66 67 ]
[50 49 67 68 ]
[51 50 68 69 ]
[52 51 69 70 ]
[53 52 70 71 ]
[36 53 71 54 ]
[55 54 72 73 ]
[56 55 73 74 ]
[57 56 74 75 ]
[58 57 75 76 ]
[59 58 76 77 ]
[60 59 77 78 ]
[61 60 78 79 ]
[62 61 79 80 ]
[63 62 80 81 ]
[64 63 81 82 ]
[65 64 82 83 ]
[66 65 83 84 ]
[67 66 84 85 ]
[68 67 85 86 ]
[69 68 86 87 ]
[70 69 87 88 ]
[71 70 88 89 ]
[54 71 89 72 ]
[73 72 90 91 ]
[74 73 91 92 ]
[75 74 92 93 ]
[76 75 93 94 ]
[77 76 94 95 ]
[78 77 95 96 ]
[79 78 96 97 ]
[80 79 97 98 ]
[81 80 98 99 ]
[82 81 99 100 ]
[83 82 100 101 ]
[84 83 101 102 ]
[85 84 102 103 ]
[86 85 103 104 ]
[87 86 104 105 ]
[88 87 105 106 ]
[89 88 106 107 ]
[72 89 107 90 ]
[91 90 108 109 ]
[92 91 109 110 ]
[93 92 110 111 ]
[94 93 111 112 ]
[95 94 112 113 ]
[96 95 113 114 ]
[97 96 114 115 ]
[98 97 115 116 ]
[99 98 116 117 ]
[100 99 117 118 ]
[101 100 118 119 ]
[102 101 119 120 ]
[103 102 120 121 ]
[104 103 121 122 ]
[105 104 122 123 ]
[106 105 123 124 ]
[107 106 124 125 ]
[90 107 125 108 ]
[109 108 126 127 ]
[110 109 127 128 ]
[111 110 128 129 ]
[112 111 129 130 ]
[113 112 130 131 ]
[114 113 131 132 ]
[115 114 132 133 ]
[116 115 133 134 ]
[117 116 134 135 ]
[118 117 135 136 ]
[119 118 136 137 ]
[120 119 137 138 ]
[121 120 138 139 ]
[122 121 139 140 ]
[123 122 140 141 ]
[124 123 141 142 ]
[125 124 142 143 ]
[108 125 143 126 ]
[127 126 144 145 ]
[128 127 145 146 ]
[129 128 146 147 ]
[130 129 147 148 ]
[131 130 148 149 ]
[132 131 149 150 ]
[133 132 150 151 ]
[134 133 151 152 ]
[135 134 152 153 ]
[136 135 153 154 ]
[137 136 154 155 ]
[138 137 155 156 ]
[139 138 156 157 ]
[140 139 157 158 ]
[141 140 158 159 ]
[142 141 159 160 ]
[143 142 160 161 ]
[126 143 161 144 ]
[145 144 162 163 ]
[146 145 163 164 ]
[147 146 164 165 ]
[148 147 165 166 ]
[149 148 166 167 ]
[150 149 167 168 ]
[151 150 168 169 ]
[152 151 169 170 ]
[153 152 170 171 ]
[154 153 171 172 ]
[155 154 172 173 ]
[156 155 173 174 ]
[157 156 174 175 ]
[158 157 175 176 ]
[159 158 176 177 ]
[160 159 177 178 ]
[161 160 178 179 ]
[144 161 179 162 ]
[163 162 180 181 ]
[164 163 181 182 ]
[165 164 182 183 ]
[166 165 183 184 ]
[167 166 184 185 ]
[168 167 185 186 ]
[169 168 186 187 ]
[170 169 187 188 ]
[171 170 188 189 ]
[172 171 189 190 ]
[173 172 190 191 ]
[174 173 191 192 ]
[175 174 192 193 ]
[176 175 193 194 ]
[177 176 194 195 ]
[178 177 195 196 ]
[179 178 196 197 ]
[162 179 197 180 ]
[181 180 198 199 ]
[182 181 199 200 ]
[183 182 200 201 ]
[184 183 201 202 ]
[185 184 202 203 ]
[186 185 203 204 ]
[187 186 204 205 ]
[188 187 205 206 ]
[189 188 206 207 ]
[190 189 207 208 ]
[191 190 208 209 ]
[192 191 209 210 ]
[193 192 210 211 ]
[194 193 211 212 ]
[195 194 212 213 ]
[196 195 213 214 ]
[197 196 214 215 ]
[180 197 215 198 ]
[199 198 216 217 ]
[200 199 217 218 ]
[201 200 218 219 ]
[202 201 219 220 ]
[203 202 220 221 ]
[204 203 221 222 ]
[205 204 222 223 ]
[206 205 223 224 ]
[207 206 224 225 ]
[208 207 225 226 ]
[209 208 226 227 ]
[210 209 227 228 ]
[211 210 228 229 ]
[212 211 229 230 ]
[213 212 230 231 ]
[214 213 231 232 ]
[215 214 232 233 ]
[198 215 233 216 ]
[217 216 234 235 ]
[218 217 235 236 ]
[219 218 236 237 ]
[220 219 237 238 ]
[221 220 238 239 ]
[222 221 239 240 ]
[223 222 240 241 ]
[224 223 241 242 ]
[225 224 242 243 ]
[226 225 243 244 ]
[227 226 244 245 ]
[228 227 245 246 ]
[229 228 246 247 ]
[230 229 247 248 ]
[231 230 248 249 ]
[232 231 249 250 ]
[233 232 250 251 ]
[216 233 251 234 ]
[235 234 252 253 ]
[236 235 253 254 ]
[237 236 254 255 ]
[238 237 255 256 ]
[239 238 256 257 ]
[240 239 257 258 ]
[241 240 258 259 ]
[242 241 259 260 ]
[243 242 260 261 ]
[244 243 261 262 ]
[245 244 262 263 ]
[246 245 263 264 ]
[247 246 264 265 ]
[248 247 265 266 ]
[249 248 266 267 ]
[250 249 267 268 ]
[251 250 268 269 ]
[234 251 269 252 ]
[253 252 270 271 ]
[254 253 271 272 ]
[255 254 272 273 ]
[256 255 273 274 ]
[257 256 274 275 ]
[258 257 275 276 ]
[259 258 276 277 ]
[260 259 277 278 ]
[261 260 278 279 ]
[262 261 279 280 ]
[263 262 280 281 ]
[264 263 281 282 ]
[265 264 282 283 ]
[266 265 283 284 ]
[267 266 284 285 ]
[268 267 285 286 ]
[269 268 286 287 ]
[252 269 287 270 ]
[271 270 288 289 ]
[272 271 289 290 ]
[273 272 290 291 ]
[274 273 291 292 ]
[275 274 292 293 ]
[276 275 293 294 ]
[277 276 294 295 ]
[278 277 295 296 ]
[279 278 296 297 ]
[280 279 297 298 ]
[281 280 298 299 ]
[282 281 299 300 ]
[283 282 300 301 ]
[284 283 301 302 ]
[285 284 302 303 ]
[286 285 303 304 ]
[287 286 304 305 ]
[270 287 305 288 ]
[289 288 306 307 ]
[290 289 307 308 ]
[291 290 308 309 ]
[292 291 309 310 ]
[293 292 310 311 ]
[294 293 311 312 ]
[295 294 312 313 ]
[296 295 313 314 ]
[297 296 314 315 ]
[298 297 315 316 ]
[299 298 316 317 ]
[300 299 317 318 ]
[301 300 318 319 ]
[302 301 319 320 ]
[303 302 320 321 ]
[304 303 321 322 ]
[305 304 322 323 ]
[288 305 323 306 ]
[307 306 324 325 ]
[308 307 325 326 ]
[309 308 326 327 ]
[310 309 327 328 ]
[311 310 328 329 ]
[312 311 329 330 ]
[313 312 330 331 ]
[314 313 331 332 ]
[315 314 332 333 ]
[316 315 333 334 ]
[317 316 334 335 ]
[318 317 335 336 ]
[319 318 336 337 ]
[320 319 337 338 ]
[321 320 338 339 ]
[322 321 339 340 ]
[323 322 340 341 ]
[306 323 341 324 ]
[325 324 342 343 ]
[326 325 343 344 ]
[327 326 344 345 ]
[328 327 345 346 ]
[329 328 346 347 ]
[330 329 347 348 ]
[331 330 348 349 ]
[332 331 349 350 ]
[333 332 350 351 ]
[334 333 351 352 ]
[335 334 352 353 ]
[336 335 353 354 ]
[337 336 354 355 ]
[338 337 355 356 ]
[339 338 356 357 ]
[340 339 357 358 ]
[341 340 358 359 ]
[324 341 359 342 ]
[343 342 360 361 ]
[344 343 361 362 ]
[345 344 362 363 ]
[346 345 363 364 ]
[347 346 364 365 ]
[348 347 365 366 ]
[349 348 366 367 ]
[350 349 367 368 ]
[351 350 368 369 ]
[352 351 369 370 ]
[353 352 370 371 ]
[354 353 371 372 ]
[355 354 372 373 ]
[356 355 373 374 ]
[357 356 374 375 ]
[358 357 375 376 ]
[359 358 376 377 ]
[342 359 377 360 ]
[361 360 378 379 ]
[362 361 379 380 ]
[363 362 380 381 ]
[364 363 381 382 ]
[365 364 382 383 ]
[366 365 383 384 ]
[367 366 384 385 ]
[368 367 385 386 ]
[369 368 386 387 ]
[370 369 387 388 ]
[371 370 388 389 ]
[372 371 389 390 ]
[373 372 390 391 ]
[374 373 391 392 ]
[375 374 392 393 ]
[376 375 393 394 ]
[377 376 394 395 ]
[360 377 395 378 ]
[379 378 396 397 ]
[380 379 397 398 ]
[381 380 398 399 ]
[382 381 399 400 ]
[383 382 400 401 ]
[384 383 401 402 ]
[385 384 402 403 ]
[386 385 403 404 ]
[387 386 404 405 ]
[388 387 405 406 ]
[389 388 406 407 ]
[390 389 407 408 ]
[391 390 408 409 ]
[392 391 409 410 ]
[393 392 410 411 ]
[394 393 411 412 ]
[395 394 412 413 ]
[378 395 413 396 ]
[397 396 414 415 ]
[398 397 415 416 ]
[399 398 416 417 ]
[400 399 417 418 ]
[401 400 418 419 ]
[402 401 419 420 ]
[403 402 420 421 ]
[404 403 421 422 ]
[405 404 422 423 ]
[406 405 423 424 ]
[407 406 424 425 ]
[408 407 425 426 ]
[409 408 426 427 ]
[410 409 427 428 ]
[411 410 428 429 ]
[412 411 429 430 ]
[413 412 430 431 ]
[396 413 431 414 ]
[415 414 432 433 ]
[416 415 433 434 ]
[417 416 434 435 ]
[418 417 435 436 ]
[419 418 436 437 ]
[420 419 437 438 ]
[421 420 438 439 ]
[422 421 439 440 ]
[423 422 440 441 ]
[424 423 441 442 ]
[425 424 442 443 ]
[426 425 443 444 ]
[427 426 444 445 ]
[428 427 445 446 ]
[429 428 446 447 ]
[430 429 447 448 ]
[431 430 448 449 ]
[414 431 449 432 ]
[433 432 450 451 ]
[434 433 451 452 ]
[435 434 452 453 ]
[436 435 453 454 ]
[437 436 454 455 ]
[438 437 455 456 ]
[439 438 456 457 ]
[440 439 457 458 ]
[441 440 458 459 ]
[442 441 459 460 ]
[443 442 460 461 ]
[444 443 461 462 ]
[445 444 462 463 ]
[446 445 463 464 ]
[447 446 464 465 ]
[448 447 465 466 ]
[449 448 466 467 ]
[432 449 467 450 ]
[451 450 468 469 ]
[452 451 469 470 ]
[453 452 470 471 ]
[454 453 471 472 ]
[455 454 472 473 ]
[456 455 473 474 ]
[457 456 474 475 ]
[458 457 475 476 ]
[459 458 476 477 ]
[460 459 477 478 ]
[461 460 478 479 ]
[462 461 479 480 ]
[463 462 480 481 ]
[464 463 481 482 ]
[465 464 482 483 ]
[466 465 483 484 ]
[467 466 484 485 ]
[450 467 485 468 ]
[469 468 486 487 ]
[470 469 487 488 ]
[471 470 488 489 ]
[472 471 489 490 ]
[473 472 490 491 ]
[474 473 491 492 ]
[475 474 492 493 ]
[476 475 493 494 ]
[477 476 494 495 ]
[478 477 495 496 ]
[479 478 496 497 ]
[480 479 497 498 ]
[481 480 498 499 ]
[482 481 499 500 ]
[483 482 500 501 ]
[484 483 501 502 ]
[485 484 502 503 ]
[468 485 503 486 ]
[487 486 504 505 ]
[488 487 505 506 ]
[489 488 506 507 ]
[490 489 507 508 ]
[491 490 508 509 ]
[492 491 509 510 ]
[493 492 510 511 ]
[494 493 511 512 ]
[495 494 512 513 ]
[496 495 513 514 ]
[497 496 514 515 ]
[498 497 515 516 ]
[499 498 516 517 ]
[500 499 517 518 ]
[501 500 518 519 ]
[502 501 519 520 ]
[503 502 520 521 ]
[486 503 521 504 ]
[505 504 522 523 ]
[506 505 523 524 ]
[507 506 524 525 ]
[508 507 525 526 ]
[509 508 526 527 ]
[510 509 527 528 ]
[511 510 528 529 ]
[512 511 529 530 ]
[513 512 530 531 ]
[514 513 531 532 ]
[515 514 532 533 ]
[516 515 533 534 ]
[517 516 534 535 ]
[518 517 535 536 ]
[519 518 536 537 ]
[520 519 537 538 ]
[521 520 538 539 ]
[504 521 539 522 ]
[523 522 540 541 ]
[524 523 541 542 ]
[525 524 542 543 ]
[526 525 543 544 ]
[527 526 544 545 ]
[528 527 545 546 ]
[529 528 546 547 ]
[530 529 547 548 ]
[531 530 548 549 ]
[532 531 549 550 ]
[533 532 550 551 ]
[534 533 551 552 ]
[535 534 552 553 ]
[536 535 553 554 ]
[537 536 554 555 ]
[538 537 555 556 ]
[539 538 556 557 ]
[522 539 557 540 ]
[541 540 558 559 ]
[542 541 559 560 ]
[543 542 560 561 ]
[544 543 561 562 ]
[545 544 562 563 ]
[546 545 563 564 ]
[547 546 564 565 ]
[548 547 565 566 ]
[549 548 566 567 ]
[550 549 567 568 ]
[551 550 568 569 ]
[552 551 569 570 ]
[553 552 570 571 ]
[554 553 571 572 ]
[555 554 572 573 ]
[556 555 573 574 ]
[557 556 574 575 ]
[540 557 575 558 ]
[559 558 576 577 ]
[560 559 577 578 ]
[561 560 578 579 ]
[562 561 579 580 ]
[563 562 580 581 ]
[564 563 581 582 ]
[565 564 582 583 ]
[566 565 583 584 ]
[567 566 584 585 ]
[568 567 585 586 ]
[569 568 586 587 ]
[570 569 587 588 ]
[571 570 588 589 ]
[572 571 589 590 ]
[573 572 590 591 ]
[574 573 591 592 ]
[575 574 592 593 ]
[558 575 593 576 ]
[582 581 594 595 ]
[583 582 595 596 ]
[584 583 596 597 ]
[585 584 597 598 ]
[586 585 598 599 ]
[587 586 599 600 ]
[588 587 600 601 ]
[589 588 601 602 ]
[596 595 603 604 ]
[597 596 604 605 ]
[598 597 605 606 ]
[599 598 606 607 ]
[600 599 607 608 ]
[601 600 608 609 ]
[605 604 610 611 ]
[606 605 611 612 ]
[607 606 612 613 ]
[608 607 613 614 ]
[612 611 615 616 ]
[613 612 616 617 ]
[619 618 622 623 ]
[620 619 623 624 ]
[622 621 627 628 ]
[623 622 628 629 ]
[624 623 629 630 ]
[625 624 630 631 ]
[627 626 634 635 ]
[628 627 635 636 ]
[629 628 636 637 ]
[630 629 637 638 ]
[631 630 638 639 ]
[632 631 639 640 ]
[634 633 647 648 ]
[635 634 648 649 ]
[636 635 649 650 ]
[637 636 650 651 ]
[638 637 651 652 ]
[639 638 652 653 ]
[640 639 653 654 ]
[641 640 654 655 ]
[643 642 660 661 ]
[644 643 661 662 ]
[645 644 662 663 ]
[646 645 663 664 ]
[647 646 664 665 ]
[648 647 665 666 ]
[649 648 666 667 ]
[650 649 667 668 ]
[651 650 668 669 ]
[652 651 669 670 ]
[653 652 670 671 ]
[654 653 671 672 ]
[655 654 672 673 ]
[656 655 673 674 ]
[657 656 674 675 ]
[658 657 675 676 ]
[659 658 676 677 ]
[642 659 677 660 ]
[661 660 678 679 ]
[662 661 679 680 ]
[663 662 680 681 ]
[664 663 681 682 ]
[665 664 682 683 ]
[666 665 683 684 ]
[667 666 684 685 ]
[668 667 685 686 ]
[669 668 686 687 ]
[670 669 687 688 ]
[671 670 688 689 ]
[672 671 689 690 ]
[673 672 690 691 ]
[674 673 691 692 ]
[675 674 692 693 ]
[676 675 693 694 ]
[677 676 694 695 ]
[660 677 695 678 ]
[697 577 576 696 ]
[698 578 577 697 ]
[699 579 578 698 ]
[700 580 579 699 ]
[701 594 581 580 700 ]
[703 590 589 602 702 ]
[704 591 590 703 ]
[705 592 591 704 ]
[706 593 592 705 ]
[696 576 593 706 ]
[707 594 701 ]
[708 603 595 594 707 ]
[710 602 601 609 709 ]
[702 602 710 ]
[711 603 708 ]
[712 610 604 603 711 ]
[714 609 608 614 713 ]
[709 609 714 ]
[715 610 712 ]
[716 615 611 610 715 ]
[718 614 613 617 717 ]
[713 614 718 ]
[719 615 716 ]
[720 616 615 719 ]
[721 617 616 720 ]
[717 617 721 ]
[722 618 723 ]
[723 618 619 724 ]
[724 619 620 725 ]
[725 620 726 ]
[727 621 728 ]
[728 621 622 618 722 ]
[726 620 624 625 729 ]
[729 625 730 ]
[731 626 732 ]
[732 626 627 621 727 ]
[730 625 631 632 733 ]
[733 632 734 ]
[735 633 736 ]
[736 633 634 626 731 ]
[734 632 640 641 737 ]
[737 641 738 ]
[739 642 643 740 ]
[740 643 644 741 ]
[741 644 645 742 ]
[742 645 646 743 ]
[743 646 647 633 735 ]
[738 641 655 656 744 ]
[744 656 657 745 ]
[745 657 658 746 ]
[746 658 659 747 ]
[747 659 642 739 ]
