-2.95682 -0.8 3.5238
-3.59961 -0.85 4.28985
-4.2424 -0.95 5.05589
-4.88519 -1.05 5.82194
-5.52797 -1.1 6.58798
-6.17076 -1.2 7.35403
-5.91365 -2.0 7.04761
-5.33514 -3.0 6.35817
-4.62807 -4.0 5.51552
-3.69603 -5.0 4.40476
-2.57115 -1.6 3.06418
-1.92836 -2.5 2.29813
-1.41413 -3.2 1.6853
-0.642788 -4.0 0.766044
-0.907038 -4.0072 1.08097
-1.43425 -4.0645 1.70928
-1.95767 -4.1789 2.33306
-2.4746 -4.35 2.94912
-2.98266 -4.5765 3.5546
0.0 -5.0 0.0
-0.00976542 -4.82635 0.011638
-0.0387648 -4.65798 0.0461981
-0.0861175 -4.5 0.102631
-0.150384 -4.35721 0.179221
-0.229611 -4.23396 0.27364
-0.321394 -4.13397 0.383022
-0.422941 -4.06031 0.504042
-0.531169 -4.01519 0.633022
-0.642788 -4.0 0.766044
-0.642788 -4.0 0.766044
-0.907051 -4.00718 1.08098
-1.17099 -4.0287 1.39553
-1.43428 -4.06453 1.70931
-1.69661 -4.11464 2.02194
-1.95766 -4.17896 2.33305
-2.2171 -4.25742 2.64224
-2.47463 -4.34992 2.94915
-2.72993 -4.45634 3.2534
-2.98268 -4.57655 3.55461
-3.23258 -4.71042 3.85244
-3.47933 -4.85777 4.1465
-3.69603 -5.0 4.40476
0.0 -5.0 0.0
-0.0441941 -4.83227 -0.0172511
-0.106576 -4.66963 -0.0107022
-0.185251 -4.51704 0.0194477
-0.277828 -4.37911 0.0722827
-0.381493 -4.26006 0.146197
-0.493098 -4.16348 0.238945
-0.609251 -4.09233 0.34771
-0.726424 -4.04875 0.469184
-0.841054 -4.03407 0.599679
-0.841054 -4.03407 0.599679
-1.10389 -4.04101 0.915809
-1.36356 -4.06179 1.23393
-1.61976 -4.09641 1.55368
-1.87215 -4.14481 1.87465
-2.12045 -4.20694 2.19646
-2.36433 -4.28272 2.5187
-2.60352 -4.37207 2.841
-2.83772 -4.47486 3.16295
-3.06663 -4.59098 3.48417
-3.28999 -4.72029 3.80426
-3.50752 -4.86262 4.12284
-3.69603 -5.0 4.40476
0.0 -5.0 0.0
-0.0762765 -4.84962 -0.0441715
-0.169766 -4.7038 -0.063725
-0.277629 -4.56699 -0.0580661
-0.396586 -4.44333 -0.0273674
-0.523023 -4.33659 0.0274385
-0.653101 -4.25 0.104687
-0.782864 -4.1862 0.202031
-0.908372 -4.14713 0.316511
-1.02581 -4.13397 0.444651
-1.02581 -4.13397 0.444651
-1.28732 -4.14019 0.761893
-1.54302 -4.15883 1.08336
-1.79259 -4.18986 1.40866
-2.03572 -4.23326 1.7374
-2.27214 -4.28896 2.06917
-2.50153 -4.35691 2.40358
-2.72363 -4.43701 2.74022
-2.93816 -4.52917 3.07867
-3.14487 -4.63329 3.41852
-3.34349 -4.74922 3.75937
-3.5338 -4.87683 4.10079
-3.69603 -5.0 4.40476
0.0 -5.0 0.0
-0.103826 -4.87721 -0.0672886
-0.224029 -4.75816 -0.109257
-0.356955 -4.64645 -0.124629
-0.498567 -4.54548 -0.112939
-0.644559 -4.45832 -0.0745417
-0.790498 -4.38763 -0.0106029
-0.93195 -4.33554 0.0769333
-1.06461 -4.30364 0.185408
-1.18446 -4.29289 0.311525
-1.18446 -4.29289 0.311525
-1.44484 -4.29797 0.629723
-1.69712 -4.31318 0.954049
-1.941 -4.33852 1.28412
-2.17619 -4.37396 1.61953
-2.4024 -4.41944 1.95987
-2.61934 -4.47492 2.30472
-2.82676 -4.54032 2.65367
-3.02441 -4.61557 3.00629
-3.21205 -4.70058 3.36215
-3.38944 -4.79524 3.72082
-3.55637 -4.89943 4.08185
-3.69603 -5.0 4.40476
0.0 -5.0 0.0
-0.124966 -4.91318 -0.085027
-0.265666 -4.82899 -0.144194
-0.417825 -4.75 -0.175705
-0.576818 -4.67861 -0.1786
-0.737816 -4.61698 -0.152794
-0.895927 -4.56699 -0.0990685
-1.04635 -4.53015 -0.0190574
-1.1845 -4.5076 0.0848094
-1.3062 -4.5 0.209374
-1.3062 -4.5 0.209374
-1.5657 -4.50359 0.528305
-1.81536 -4.51435 0.854829
-2.05489 -4.53227 1.18857
-2.28397 -4.55732 1.52909
-2.50235 -4.58948 1.876
-2.70974 -4.62871 2.22887
-2.9059 -4.67496 2.58727
-3.0906 -4.72817 2.95076
-3.2636 -4.78828 3.31889
-3.42469 -4.85521 3.69124
-3.57368 -4.92889 4.06733
-3.69603 -5.0 4.40476
0.0 -5.0 0.0
-0.138255 -4.95506 -0.0961774
-0.29184 -4.91148 -0.166157
-0.456089 -4.87059 -0.207812
-0.62601 -4.83363 -0.219877
-0.79644 -4.80173 -0.201985
-0.962202 -4.77586 -0.15468
-1.11826 -4.75679 -0.079399
-1.25987 -4.74511 0.02157
-1.38273 -4.74118 0.145159
-1.38273 -4.74118 0.145159
-1.64168 -4.74304 0.464551
-1.88969 -4.74861 0.792458
-2.12648 -4.75788 1.1285
-2.35173 -4.77085 1.47224
-2.56518 -4.7875 1.82328
-2.76657 -4.80781 2.18118
-2.95565 -4.83175 2.54552
-3.1322 -4.85929 2.91585
-3.296 -4.8904 3.2917
-3.44685 -4.92505 3.67264
-3.58456 -4.96319 4.05819
-3.69603 -5.0 4.40476
0.0 -5.0 0.0
-0.142788 -5.0 -0.0999808
-0.300767 -5.0 -0.173648
-0.46914 -5.0 -0.218763
-0.642788 -5.0 -0.233955
-0.816435 -5.0 -0.218763
-0.984807 -5.0 -0.173648
-1.14279 -5.0 -0.0999805
-1.28558 -5.0 -5.96046e-008
-1.40883 -5.0 0.123257
-1.40883 -5.0 0.123257
-1.6676 -5.0 0.442806
-1.91505 -5.0 0.771183
-2.15089 -5.0 1.10801
-2.37484 -5.0 1.45285
-2.58661 -5.0 1.8053
-2.78595 -5.0 2.16492
-2.97262 -5.0 2.53128
-3.1464 -5.0 2.90394
-3.30705 -5.0 3.28243
-3.45441 -5.0 3.6663
-3.58828 -5.0 4.05508
-3.69603 -5.0 4.40476
0.0 -5.0 0.0
-0.138255 -5.04494 -0.0961774
-0.29184 -5.08852 -0.166157
-0.456089 -5.12941 -0.207812
-0.62601 -5.16637 -0.219877
-0.79644 -5.19827 -0.201985
-0.962202 -5.22414 -0.15468
-1.11826 -5.24321 -0.079399
-1.25987 -5.25489 0.02157
-1.38273 -5.25882 0.145159
-1.38273 -5.25882 0.145159
-1.64168 -5.25696 0.464551
-1.88969 -5.25139 0.792458
-2.12648 -5.24212 1.1285
-2.35173 -5.22915 1.47224
-2.56518 -5.2125 1.82328
-2.76657 -5.19219 2.18118
-2.95565 -5.16825 2.54552
-3.1322 -5.14071 2.91585
-3.296 -5.1096 3.2917
-3.44685 -5.07495 3.67264
-3.58456 -5.03681 4.05819
-3.69603 -5.0 4.40476
0.0 -5.0 0.0
-0.124966 -5.08682 -0.085027
-0.265666 -5.17101 -0.144194
-0.417825 -5.25 -0.175705
-0.576818 -5.32139 -0.1786
-0.737816 -5.38302 -0.152794
-0.895927 -5.43301 -0.0990685
-1.04635 -5.46985 -0.0190574
-1.1845 -5.4924 0.0848094
-1.3062 -5.5 0.209374
-1.3062 -5.5 0.209374
-1.5657 -5.49641 0.528305
-1.81536 -5.48565 0.854829
-2.05489 -5.46773 1.18857
-2.28397 -5.44268 1.52909
-2.50235 -5.41052 1.876
-2.70974 -5.37129 2.22887
-2.9059 -5.32504 2.58727
-3.0906 -5.27183 2.95076
-3.2636 -5.21172 3.31889
-3.42469 -5.14479 3.69124
-3.57368 -5.07111 4.06733
-3.69603 -5.0 4.40476
0.0 -5.0 0.0
-0.103826 -5.12279 -0.0672886
-0.224029 -5.24184 -0.109257
-0.356955 -5.35355 -0.124629
-0.498566 -5.45452 -0.112939
-0.644559 -5.54168 -0.0745417
-0.790498 -5.61237 -0.0106029
-0.93195 -5.66446 0.0769333
-1.06461 -5.69636 0.185408
-1.18446 -5.70711 0.311525
-1.18446 -5.70711 0.311525
-1.44484 -5.70203 0.629723
-1.69712 -5.68682 0.954049
-1.941 -5.66148 1.28413
-2.17619 -5.62604 1.61953
-2.4024 -5.58056 1.95987
-2.61934 -5.52508 2.30472
-2.82676 -5.45968 2.65367
-3.02441 -5.38443 3.00629
-3.21205 -5.29942 3.36215
-3.38944 -5.20476 3.72082
-3.55637 -5.10057 4.08185
-3.69603 -5.0 4.40476
0.0 -5.0 0.0
-0.0762765 -5.15038 -0.0441715
-0.169766 -5.2962 -0.063725
-0.277629 -5.43301 -0.0580661
-0.396586 -5.55667 -0.0273674
-0.523023 -5.66341 0.0274385
-0.653101 -5.75 0.104687
-0.782864 -5.8138 0.202031
-0.908372 -5.85287 0.316511
-1.02581 -5.86602 0.444651
-1.02581 -5.86602 0.444651
-1.28732 -5.85981 0.761893
-1.54302 -5.84117 1.08336
-1.79259 -5.81014 1.40866
-2.03572 -5.76674 1.7374
-2.27214 -5.71104 2.06917
-2.50153 -5.64309 2.40358
-2.72363 -5.56299 2.74022
-2.93816 -5.47083 3.07867
-3.14487 -5.36671 3.41852
-3.34349 -5.25078 3.75937
-3.5338 -5.12317 4.10079
-3.69603 -5.0 4.40476
0.0 -5.0 0.0
-0.0441941 -5.16773 -0.0172511
-0.106576 -5.33037 -0.0107022
-0.185251 -5.48296 0.0194483
-0.277828 -5.62088 0.0722827
-0.381493 -5.73994 0.146197
-0.493098 -5.83652 0.238945
-0.609251 -5.90767 0.34771
-0.726424 -5.95125 0.469184
-0.841054 -5.96593 0.599679
-0.841054 -5.96593 0.599679
-1.10389 -5.95899 0.915809
-1.36356 -5.93821 1.23393
-1.61976 -5.90359 1.55368
-1.87215 -5.85519 1.87465
-2.12044 -5.79306 2.19646
-2.36433 -5.71728 2.5187
-2.60352 -5.62793 2.841
-2.83772 -5.52514 3.16295
-3.06663 -5.40902 3.48417
-3.28999 -5.27971 3.80426
-3.50752 -5.13738 4.12284
-3.69603 -5.0 4.40476
0.0 -5.0 0.0
-0.00976542 -5.17365 0.011638
-0.0387648 -5.34202 0.0461982
-0.0861175 -5.5 0.102631
-0.150384 -5.64279 0.179221
-0.229611 -5.76604 0.27364
-0.321394 -5.86603 0.383022
-0.422941 -5.93969 0.504042
-0.531169 -5.98481 0.633022
-0.642788 -6.0 0.766044
-0.642788 -6.0 0.766044
-0.907051 -5.99282 1.08098
-1.17099 -5.9713 1.39553
-1.43428 -5.93547 1.70931
-1.69661 -5.88536 2.02194
-1.95766 -5.82104 2.33305
-2.2171 -5.74258 2.64224
-2.47463 -5.65008 2.94915
-2.72993 -5.54366 3.2534
-2.98268 -5.42345 3.55461
-3.23258 -5.28958 3.85244
-3.47933 -5.14223 4.1465
-3.69603 -5.0 4.40476
0.0 -5.0 0.0
0.0246633 -5.16773 0.0405271
0.0290464 -5.33037 0.103099
0.0130163 -5.48296 0.185814
-0.0229403 -5.62088 0.286159
-0.0777301 -5.73994 0.401084
-0.14969 -5.83652 0.527099
-0.236632 -5.90767 0.660374
-0.335914 -5.95125 0.796861
-0.444521 -5.96593 0.93241
-0.444521 -5.96593 0.93241
-0.710206 -5.95899 1.24615
-0.978408 -5.93821 1.55712
-1.24881 -5.90359 1.86494
-1.52108 -5.85519 2.16924
-1.79488 -5.79306 2.46964
-2.06987 -5.71728 2.76578
-2.34574 -5.62793 3.0573
-2.62214 -5.52514 3.34385
-2.89872 -5.40902 3.62506
-3.17516 -5.27971 3.90061
-3.45113 -5.13738 4.17016
-3.69603 -5.0 4.40476
0.0 -5.0 0.0
0.0567457 -5.15038 0.0674474
0.0922364 -5.2962 0.156121
0.105394 -5.43301 0.263328
0.0958181 -5.55667 0.385809
0.0638004 -5.66341 0.519842
0.0103134 -5.75 0.661358
-0.0630185 -5.8138 0.806053
-0.153965 -5.85287 0.949534
-0.259765 -5.86602 1.08744
-0.259765 -5.86602 1.08744
-0.526777 -5.85981 1.40007
-0.798955 -5.84117 1.7077
-1.07598 -5.81014 2.00997
-1.3575 -5.76674 2.30649
-1.64319 -5.71104 2.59693
-1.93268 -5.64309 2.8809
-2.22563 -5.56299 3.15808
-2.52169 -5.47083 3.42813
-2.82049 -5.36671 3.69071
-3.12166 -5.25078 3.94551
-3.42485 -5.12317 4.19221
-3.69603 -5.0 4.40476
0.0 -5.0 0.0
0.0842956 -5.12279 0.0905646
0.146499 -5.24184 0.201653
0.18472 -5.35355 0.32989
0.197798 -5.45452 0.47138
0.185336 -5.54168 0.621822
0.14771 -5.61237 0.776647
0.0860668 -5.66446 0.93115
0.00227696 -5.69636 1.08064
-0.101112 -5.70711 1.22056
-0.101112 -5.70711 1.22056
-0.369262 -5.70203 1.53224
-0.644854 -5.68682 1.837
-0.927565 -5.66148 2.1345
-1.21704 -5.62604 2.42436
-1.51293 -5.58056 2.70623
-1.81487 -5.52508 2.97976
-2.1225 -5.45968 3.24462
-2.43544 -5.38443 3.5005
-2.75331 -5.29942 3.74708
-3.07572 -5.20476 3.98406
-3.40229 -5.10057 4.21114
-3.69603 -5.0 4.40476
0.0 -5.0 0.0
0.105435 -5.08682 0.108303
0.188136 -5.17101 0.236591
0.24559 -5.25 0.380966
0.27605 -5.32139 0.537041
0.278593 -5.38302 0.700075
0.25314 -5.43301 0.865113
0.200464 -5.46985 1.02714
0.122166 -5.4924 1.18124
0.0206259 -5.5 1.32271
0.0206259 -5.5 1.32271
-0.248397 -5.49641 1.63366
-0.526608 -5.48565 1.93622
-0.813682 -5.46773 2.23006
-1.10925 -5.44268 2.5148
-1.41298 -5.41052 2.7901
-1.72447 -5.37129 3.05561
-2.04335 -5.32504 3.31103
-2.36925 -5.27183 3.55604
-2.70176 -5.21172 3.79033
-3.04047 -5.14479 4.01364
-3.38497 -5.07111 4.22567
-3.69603 -5.0 4.40476
0.0 -5.0 0.0
0.118724 -5.04494 0.119453
0.21431 -5.08852 0.258553
0.283854 -5.12941 0.413073
0.325242 -5.16637 0.578318
0.337217 -5.19827 0.749266
0.319415 -5.22414 0.920724
0.272376 -5.24321 1.08748
0.197532 -5.25489 1.24447
0.0971538 -5.25882 1.38693
0.0971538 -5.25882 1.38693
-0.172418 -5.25696 1.69741
-0.452277 -5.25139 1.99859
-0.742093 -5.24212 2.29013
-1.0415 -5.22915 2.57165
-1.35014 -5.2125 2.84282
-1.66764 -5.19219 3.1033
-1.99361 -5.16825 3.35278
-2.32765 -5.14071 3.59095
-2.66935 -5.1096 3.81753
-3.01831 -5.07495 4.03223
-3.37409 -5.03681 4.2348
-3.69603 -5.0 4.40476
0.0 -5.0 0.0
0.123257 -5.0 0.123257
0.223238 -5.0 0.266044
0.296905 -5.0 0.424025
0.34202 -5.0 0.592397
0.357212 -5.0 0.766044
0.34202 -5.0 0.939692
0.296904 -5.0 1.10806
0.223237 -5.0 1.26604
0.123256 -5.0 1.40883
0.123256 -5.0 1.40883
-0.146503 -5.0 1.71916
-0.426923 -5.0 2.01987
-0.717675 -5.0 2.31062
-1.01839 -5.0 2.59104
-1.32871 -5.0 2.8608
-1.64825 -5.0 3.11956
-1.97664 -5.0 3.36701
-2.31346 -5.0 3.60286
-2.6583 -5.0 3.8268
-3.01075 -5.0 4.03858
-3.37037 -5.0 4.23792
-3.69603 -5.0 4.40476
0.0 -5.0 0.0
0.118724 -4.95506 0.119453
0.21431 -4.91148 0.258553
0.283854 -4.87059 0.413073
0.325242 -4.83363 0.578318
0.337217 -4.80173 0.749266
0.319415 -4.77586 0.920724
0.272376 -4.75679 1.08748
0.197532 -4.74511 1.24447
0.0971538 -4.74118 1.38693
0.0971538 -4.74118 1.38693
-0.172418 -4.74304 1.69741
-0.452277 -4.74861 1.99859
-0.742093 -4.75788 2.29013
-1.0415 -4.77085 2.57165
-1.35014 -4.7875 2.84282
-1.66764 -4.80781 3.1033
-1.99361 -4.83175 3.35278
-2.32765 -4.85929 3.59095
-2.66935 -4.8904 3.81753
-3.01831 -4.92505 4.03223
-3.37409 -4.96319 4.2348
-3.69603 -5.0 4.40476
0.0 -5.0 0.0
0.105435 -4.91318 0.108303
0.188136 -4.82899 0.236591
0.245589 -4.75 0.380966
0.27605 -4.67861 0.537041
0.278593 -4.61698 0.700075
0.25314 -4.56699 0.865113
0.200463 -4.53015 1.02714
0.122166 -4.5076 1.18124
0.0206259 -4.5 1.32271
0.0206259 -4.5 1.32271
-0.248397 -4.50359 1.63366
-0.526609 -4.51435 1.93622
-0.813682 -4.53227 2.23006
-1.10925 -4.55732 2.5148
-1.41298 -4.58948 2.7901
-1.72447 -4.62871 3.05561
-2.04335 -4.67496 3.31103
-2.36925 -4.72817 3.55604
-2.70176 -4.78828 3.79033
-3.04047 -4.85521 4.01364
-3.38497 -4.92889 4.22567
-3.69603 -5.0 4.40476
0.0 -5.0 0.0
0.0842956 -4.87721 0.0905646
0.146499 -4.75816 0.201653
0.18472 -4.64645 0.32989
0.197798 -4.54548 0.47138
0.185336 -4.45832 0.621822
0.14771 -4.38763 0.776647
0.0860668 -4.33554 0.93115
0.00227696 -4.30364 1.08064
-0.101113 -4.29289 1.22056
-0.101113 -4.29289 1.22056
-0.369262 -4.29797 1.53224
-0.644854 -4.31318 1.837
-0.927565 -4.33852 2.1345
-1.21704 -4.37396 2.42436
-1.51293 -4.41944 2.70623
-1.81487 -4.47492 2.97976
-2.1225 -4.54032 3.24462
-2.43544 -4.61557 3.5005
-2.75331 -4.70058 3.74708
-3.07572 -4.79524 3.98406
-3.40229 -4.89943 4.21114
-3.69603 -5.0 4.40476
0.0 -5.0 0.0
0.0567456 -4.84962 0.0674474
0.0922364 -4.7038 0.156121
0.105394 -4.56699 0.263328
0.0958181 -4.44333 0.385809
0.0638004 -4.33659 0.519842
0.0103126 -4.25 0.661357
-0.0630185 -4.1862 0.806053
-0.153965 -4.14713 0.949534
-0.259765 -4.13398 1.08744
-0.259765 -4.13398 1.08744
-0.526777 -4.14019 1.40007
-0.798955 -4.15883 1.7077
-1.07598 -4.18986 2.00997
-1.3575 -4.23326 2.30649
-1.64319 -4.28896 2.59693
-1.93268 -4.35691 2.8809
-2.22563 -4.43701 3.15808
-2.52169 -4.52917 3.42813
-2.82049 -4.63329 3.69071
-3.12166 -4.74922 3.94551
-3.42485 -4.87683 4.19221
-3.69603 -5.0 4.40476
0.0 -5.0 0.0
0.0246632 -4.83227 0.040527
0.0290464 -4.66963 0.103099
0.0130156 -4.51704 0.185813
-0.0229403 -4.37912 0.286159
-0.0777301 -4.26006 0.401084
-0.14969 -4.16348 0.527099
-0.236632 -4.09233 0.660374
-0.335914 -4.04875 0.796861
-0.444521 -4.03407 0.93241
-0.444521 -4.03407 0.93241
-0.710206 -4.04101 1.24615
-0.978408 -4.06179 1.55712
-1.24881 -4.09641 1.86494
-1.52108 -4.14481 2.16924
-1.79488 -4.20694 2.46964
-2.06987 -4.28272 2.76578
-2.34574 -4.37207 3.0573
-2.62214 -4.47486 3.34385
-2.89872 -4.59098 3.62506
-3.17516 -4.72029 3.90061
-3.45113 -4.86262 4.17016
-3.69603 -5.0 4.40476
0.0 -5.0 0.0
-0.00976545 -4.82635 0.011638
-0.0387649 -4.65798 0.0461981
-0.0861175 -4.5 0.102631
-0.150384 -4.35721 0.179221
-0.229611 -4.23396 0.27364
-0.321394 -4.13398 0.383022
-0.422941 -4.06031 0.504042
-0.531169 -4.01519 0.633022
-0.642788 -4.0 0.766044
-0.642788 -4.0 0.766044
-0.907051 -4.00718 1.08098
-1.17099 -4.0287 1.39553
-1.43428 -4.06453 1.70931
-1.69661 -4.11464 2.02194
-1.95766 -4.17896 2.33305
-2.2171 -4.25742 2.64224
-2.47463 -4.34992 2.94915
-2.72993 -4.45634 3.2534
-2.98268 -4.57655 3.55461
-3.23258 -4.71042 3.85244
-3.47933 -4.85777 4.1465
-3.69603 -5.0 4.40476
-2.42609 0.4 3.96914
-3.03571 0.425 4.76302
-3.61216 0.475 5.58473
-4.1886 0.525 6.40644
-4.79822 0.55 7.20032
-5.37467 0.6 8.02203
-4.58682 1.0 8.16095
-3.34489 1.5 8.02818
-1.97442 2.0 7.7422
-0.378957 2.5 7.18811
-1.50969 0.8 3.95485
-0.269831 1.25 3.68981
0.708791 1.6 3.46664
2.01087 2.0 2.99272
1.7514 2.0036 3.31166
1.26219 2.03225 3.97186
0.814664 2.08945 4.65933
0.411246 2.175 5.37063
0.0534542 2.28825 6.1022
3.31707 2.5 2.78335
3.1921 2.41318 2.69832
3.0514 2.32899 2.63916
2.89924 2.25 2.60765
2.74025 2.17861 2.60475
2.57925 2.11698 2.63056
2.42114 2.06699 2.68429
2.27072 2.03015 2.7643
2.13257 2.0076 2.86816
2.01087 2.0 2.99272
2.01087 2.0 2.99272
1.75137 2.00359 3.31166
1.50171 2.01435 3.63818
1.26218 2.03227 3.97192
1.0331 2.05732 4.31244
0.814723 2.08948 4.65936
0.607326 2.12871 5.01222
0.411167 2.17496 5.37062
0.22647 2.22817 5.73411
0.053472 2.28828 6.10225
-0.107623 2.35521 6.47459
-0.256607 2.42889 6.85068
-0.378957 2.5 7.18811
3.31707 2.5 2.78335
3.21324 2.37721 2.71606
3.09304 2.25816 2.67409
2.96011 2.14645 2.65872
2.81851 2.04548 2.67041
2.67251 1.95832 2.70881
2.52657 1.88763 2.77275
2.38512 1.83554 2.86028
2.25245 1.80364 2.96876
2.13261 1.79289 3.09488
2.13261 1.79289 3.09488
1.87223 1.79797 3.41307
1.61995 1.81318 3.7374
1.37606 1.83852 4.06748
1.14088 1.87396 4.40288
0.914676 1.91944 4.74323
0.697727 1.97492 5.08807
0.490307 2.04032 5.43703
0.292656 2.11557 5.78965
0.105027 2.20058 6.14551
-0.0723698 2.29524 6.50417
-0.239295 2.39943 6.86521
-0.378957 2.5 7.18811
3.31707 2.5 2.78335
3.24079 2.34962 2.73918
3.14731 2.2038 2.71963
3.03944 2.06699 2.72529
2.92048 1.94333 2.75598
2.79404 1.83659 2.81079
2.66397 1.75 2.88804
2.5342 1.6862 2.98538
2.4087 1.64713 3.09986
2.29126 1.63397 3.228
2.29126 1.63397 3.228
2.02974 1.64019 3.54524
1.77405 1.65883 3.8667
1.52448 1.68986 4.19201
1.28135 1.73326 4.52075
1.04493 1.78896 4.85253
0.815544 1.85691 5.18693
0.59344 1.93701 5.52356
0.378912 2.02917 5.86202
0.172201 2.13329 6.20187
-0.0264227 2.24922 6.54272
-0.216735 2.37683 6.88414
-0.378957 2.5 7.18811
3.31707 2.5 2.78335
3.27287 2.33227 2.7661
3.2105 2.16963 2.77265
3.13182 2.01704 2.8028
3.03924 1.87911 2.85563
2.93558 1.76006 2.92955
2.82397 1.66348 3.0223
2.70782 1.59233 3.13106
2.59065 1.54875 3.25254
2.47602 1.53407 3.38303
2.47602 1.53407 3.38303
2.21317 1.54101 3.69916
1.9535 1.56179 4.01728
1.69731 1.59641 4.33704
1.44492 1.64481 4.658
1.19663 1.70694 4.97981
0.952735 1.78272 5.30205
0.713548 1.87207 5.62435
0.479357 1.97486 5.94631
0.250437 2.09098 6.26752
0.0270779 2.22029 6.58761
-0.190452 2.36262 6.90619
-0.378957 2.5 7.18811
3.31707 2.5 2.78335
3.30731 2.32635 2.79499
3.27831 2.15798 2.82955
3.23095 2.0 2.88598
3.16669 1.85721 2.96257
3.08746 1.73396 3.05699
2.99568 1.63397 3.16638
2.89413 1.56031 3.2874
2.7859 1.51519 3.41638
2.67428 1.5 3.5494
2.67428 1.5 3.5494
2.41002 1.50718 3.86433
2.14609 1.5287 4.17888
1.88279 1.56453 4.49267
1.62046 1.61464 4.8053
1.35941 1.67896 5.1164
1.09997 1.75742 5.42559
0.842443 1.84992 5.7325
0.587147 1.95634 6.03675
0.334396 2.07655 6.33797
0.0844932 2.21042 6.63579
-0.162254 2.35777 6.92985
-0.378957 2.5 7.18811
3.31707 2.5 2.78335
3.34173 2.33227 2.82388
3.34612 2.16963 2.88645
3.33009 2.01704 2.96917
3.29413 1.87911 3.06951
3.23934 1.76006 3.18443
3.16738 1.66348 3.31045
3.08044 1.59233 3.44373
2.98115 1.54875 3.58021
2.87255 1.53407 3.71576
2.87255 1.53407 3.71576
2.60686 1.54101 4.02951
2.33866 1.56179 4.34047
2.06825 1.59641 4.64829
1.79599 1.64481 4.95259
1.5222 1.70694 5.253
1.2472 1.78272 5.54913
0.97133 1.87207 5.84065
0.694937 1.97486 6.1272
0.418347 2.09098 6.40841
0.141908 2.22029 6.68397
-0.134056 2.36262 6.95351
-0.378957 2.5 7.18811
3.31707 2.5 2.78335
3.37381 2.34962 2.8508
3.40931 2.2038 2.93948
3.42247 2.06699 3.04668
3.41289 1.94333 3.16916
3.38087 1.83659 3.30319
3.32738 1.75 3.44471
3.25405 1.6862 3.5894
3.1631 1.64713 3.73288
3.05731 1.63397 3.87079
3.05731 1.63397 3.87079
2.79029 1.64019 4.18342
2.51812 1.65883 4.49105
2.24109 1.68986 4.79332
1.95957 1.73326 5.08985
1.67388 1.78896 5.38027
1.38439 1.85691 5.66426
1.09144 1.93701 5.94143
0.79538 2.02917 6.21148
0.496583 2.13329 6.47406
0.195408 2.24922 6.72886
-0.10778 2.37683 6.97556
-0.378957 2.5 7.18811
3.31707 2.5 2.78335
3.40136 2.37721 2.87391
3.46357 2.25816 2.985
3.50179 2.14645 3.11324
3.51487 2.04548 3.25473
3.5024 1.95832 3.40517
3.46478 1.88763 3.56
3.40314 1.83554 3.7145
3.31935 1.80364 3.86399
3.21595 1.79289 4.00391
3.21595 1.79289 4.00391
2.94781 1.79797 4.31559
2.67221 1.81318 4.62035
2.3895 1.83852 4.91785
2.10003 1.87396 5.20771
1.80415 1.91944 5.48958
1.5022 1.97492 5.76311
1.19458 2.04032 6.02798
0.881629 2.11557 6.28385
0.563765 2.20058 6.53043
0.241349 2.29524 6.76741
-0.0852127 2.39943 6.9945
-0.378957 2.5 7.18811
3.31707 2.5 2.78335
3.4225 2.41318 2.89165
3.50521 2.32899 3.01995
3.56266 2.25 3.16432
3.59312 2.17861 3.3204
3.59566 2.11698 3.48343
3.57021 2.06699 3.64847
3.51753 2.03015 3.81049
3.43924 2.0076 3.96459
3.33769 2.0 4.10607
3.33769 2.0 4.10607
3.06867 2.00359 4.41701
2.79046 2.01435 4.71957
2.50339 2.03227 5.01342
2.20782 2.05732 5.29815
1.90409 2.08948 5.57344
1.5926 2.12871 5.83896
1.27372 2.17496 6.09439
0.947815 2.22817 6.33939
0.615312 2.28828 6.57369
0.276602 2.35521 6.79699
-0.0679002 2.42889 7.00902
-0.378957 2.5 7.18811
3.31707 2.5 2.78335
3.4358 2.45506 2.90281
3.53138 2.41148 3.0419
3.60092 2.37059 3.19643
3.64231 2.33363 3.36167
3.65429 2.30173 3.53262
3.63648 2.27586 3.70407
3.58945 2.25679 3.87084
3.5146 2.24511 4.02783
3.41422 2.24118 4.17028
3.41422 2.24118 4.17028
3.14465 2.24304 4.48076
2.8648 2.24861 4.78195
2.57498 2.25788 5.07348
2.27557 2.27085 5.355
1.96693 2.2875 5.62617
1.64943 2.30781 5.88665
1.32346 2.33175 6.13613
0.989427 2.35929 6.37431
0.647716 2.3904 6.60088
0.298763 2.42505 6.81559
-0.0570145 2.46319 7.01816
-0.378957 2.5 7.18811
3.31707 2.5 2.78335
3.44033 2.5 2.90661
3.54031 2.5 3.0494
3.61398 2.5 3.20738
3.65909 2.5 3.37575
3.67428 2.5 3.5494
3.65909 2.5 3.72304
3.61397 2.5 3.89142
3.5403 2.5 4.04939
3.44033 2.5 4.19219
3.44033 2.5 4.19219
3.17057 2.5 4.50251
2.89015 2.5 4.80322
2.59939 2.5 5.09397
2.29868 2.5 5.37439
1.98836 2.5 5.64415
1.66882 2.5 5.90292
1.34043 2.5 6.15037
1.00361 2.5 6.38621
0.65877 2.5 6.61015
0.306324 2.5 6.82193
-0.0533068 2.5 7.02127
-0.378957 2.5 7.18811
3.31707 2.5 2.78335
3.4358 2.54494 2.90281
3.53138 2.58852 3.0419
3.60092 2.62941 3.19643
3.64231 2.66637 3.36167
3.65429 2.69827 3.53262
3.63648 2.72414 3.70407
3.58945 2.74321 3.87084
3.5146 2.75489 4.02783
3.41422 2.75882 4.17028
3.41422 2.75882 4.17028
3.14465 2.75696 4.48076
2.8648 2.75139 4.78195
2.57498 2.74212 5.07348
2.27557 2.72915 5.355
1.96693 2.7125 5.62617
1.64943 2.69219 5.88665
1.32346 2.66825 6.13613
0.989419 2.64071 6.3743
0.647716 2.6096 6.60088
0.298763 2.57495 6.81559
-0.0570145 2.53681 7.01816
-0.378957 2.5 7.18811
3.31707 2.5 2.78335
3.4225 2.58682 2.89165
3.50521 2.67101 3.01995
3.56266 2.75 3.16432
3.59312 2.82139 3.3204
3.59566 2.88302 3.48343
3.57021 2.93301 3.64847
3.51753 2.96985 3.81049
3.43924 2.9924 3.96459
3.33769 3.0 4.10607
3.33769 3.0 4.10607
3.06867 2.99641 4.41701
2.79046 2.98565 4.71957
2.50339 2.96773 5.01342
2.20782 2.94268 5.29815
1.90409 2.91052 5.57344
1.5926 2.87129 5.83896
1.27372 2.82504 6.09439
0.947815 2.77183 6.33939
0.615312 2.71172 6.57369
0.276602 2.64479 6.79699
-0.0679002 2.57111 7.00902
-0.378957 2.5 7.18811
3.31707 2.5 2.78335
3.40136 2.62279 2.87391
3.46357 2.74184 2.985
3.50179 2.85355 3.11324
3.51487 2.95452 3.25473
3.5024 3.04167 3.40517
3.46478 3.11237 3.56
3.40314 3.16446 3.7145
3.31935 3.19636 3.86399
3.21595 3.20711 4.00391
3.21595 3.20711 4.00391
2.94781 3.20203 4.31559
2.67221 3.18682 4.62035
2.3895 3.16148 4.91785
2.10003 3.12604 5.20771
1.80415 3.08056 5.48958
1.5022 3.02508 5.76311
1.19458 2.95968 6.02798
0.881629 2.88443 6.28385
0.563765 2.79942 6.53043
0.241349 2.70476 6.76741
-0.0852127 2.60057 6.9945
-0.378957 2.5 7.18811
3.31707 2.5 2.78335
3.37381 2.65038 2.8508
3.40931 2.7962 2.93948
3.42247 2.93301 3.04668
3.41289 3.05667 3.16916
3.38087 3.16341 3.30319
3.32738 3.25 3.44471
3.25405 3.3138 3.5894
3.1631 3.35287 3.73288
3.05731 3.36602 3.87079
3.05731 3.36602 3.87079
2.79029 3.35981 4.18342
2.51812 3.34117 4.49105
2.24109 3.31014 4.79332
1.95957 3.26674 5.08985
1.67388 3.21104 5.38027
1.38439 3.14309 5.66426
1.09144 3.06299 5.94143
0.79538 2.97083 6.21148
0.496583 2.86671 6.47406
0.195408 2.75078 6.72886
-0.10778 2.62317 6.97556
-0.378957 2.5 7.18811
3.31707 2.5 2.78335
3.34173 2.66773 2.82388
3.34612 2.83037 2.88645
3.33009 2.98296 2.96917
3.29413 3.12088 3.06951
3.23934 3.23994 3.18443
3.16738 3.33652 3.31045
3.08044 3.40767 3.44373
2.98115 3.45125 3.58021
2.87255 3.46593 3.71576
2.87255 3.46593 3.71576
2.60686 3.45899 4.02951
2.33866 3.43821 4.34047
2.06825 3.40359 4.64829
1.79599 3.35519 4.95259
1.5222 3.29306 5.253
1.2472 3.21728 5.54913
0.97133 3.12793 5.84065
0.694937 3.02514 6.1272
0.418347 2.90902 6.40841
0.141908 2.77971 6.68397
-0.134056 2.63738 6.95351
-0.378957 2.5 7.18811
3.31707 2.5 2.78335
3.30731 2.67365 2.79499
3.27831 2.84202 2.82955
3.23095 3.0 2.88598
3.16669 3.14279 2.96257
3.08746 3.26604 3.05699
2.99568 3.36603 3.16638
2.89413 3.43969 3.2874
2.7859 3.48481 3.41638
2.67428 3.5 3.5494
2.67428 3.5 3.5494
2.41002 3.49282 3.86433
2.14609 3.4713 4.17888
1.88279 3.43547 4.49267
1.62046 3.38536 4.8053
1.35941 3.32104 5.1164
1.09997 3.24258 5.42559
0.842443 3.15008 5.7325
0.587147 3.04366 6.03675
0.334396 2.92345 6.33797
0.0844932 2.78958 6.63579
-0.162254 2.64223 6.92985
-0.378957 2.5 7.18811
3.31707 2.5 2.78335
3.27287 2.66773 2.7661
3.2105 2.83037 2.77265
3.13182 2.98296 2.8028
3.03924 3.12089 2.85563
2.93558 3.23994 2.92955
2.82397 3.33652 3.0223
2.70782 3.40767 3.13106
2.59065 3.45125 3.25254
2.47602 3.46593 3.38303
2.47602 3.46593 3.38303
2.21317 3.45899 3.69916
1.9535 3.43821 4.01728
1.69731 3.40359 4.33704
1.44492 3.35519 4.658
1.19663 3.29306 4.97981
0.952735 3.21728 5.30205
0.713548 3.12793 5.62435
0.479357 3.02514 5.94631
0.250437 2.90902 6.26752
0.0270779 2.77971 6.58761
-0.190452 2.63738 6.90619
-0.378957 2.5 7.18811
3.31707 2.5 2.78335
3.24079 2.65038 2.73918
3.14731 2.7962 2.71963
3.03944 2.93301 2.72529
2.92048 3.05667 2.75598
2.79404 3.16341 2.81079
2.66397 3.25 2.88804
2.5342 3.3138 2.98538
2.4087 3.35287 3.09986
2.29126 3.36602 3.228
2.29126 3.36602 3.228
2.02974 3.35981 3.54524
1.77405 3.34117 3.8667
1.52448 3.31014 4.19201
1.28135 3.26674 4.52075
1.04493 3.21104 4.85253
0.815544 3.14309 5.18693
0.59344 3.06299 5.52356
0.378912 2.97083 5.86202
0.172201 2.86671 6.20187
-0.0264227 2.75078 6.54272
-0.216735 2.62317 6.88414
-0.378957 2.5 7.18811
3.31707 2.5 2.78335
3.21324 2.62279 2.71606
3.09304 2.74184 2.67409
2.96011 2.85355 2.65872
2.81851 2.95452 2.67041
2.67251 3.04167 2.70881
2.52657 3.11237 2.77275
2.38512 3.16446 2.86028
2.25245 3.19636 2.96876
2.13261 3.20711 3.09488
2.13261 3.20711 3.09488
1.87223 3.20203 3.41307
1.61995 3.18682 3.7374
1.37606 3.16148 4.06748
1.14088 3.12604 4.40288
0.914676 3.08056 4.74323
0.697727 3.02508 5.08807
0.490307 2.95968 5.43703
0.292656 2.88443 5.78965
0.105027 2.79942 6.14551
-0.0723698 2.70476 6.50417
-0.239295 2.60057 6.86521
-0.378957 2.5 7.18811
3.31707 2.5 2.78335
3.1921 2.58682 2.69832
3.0514 2.67101 2.63916
2.89924 2.75 2.60765
2.74025 2.82139 2.60475
2.57925 2.88302 2.63056
2.42114 2.93301 2.68429
2.27072 2.96985 2.7643
2.13257 2.9924 2.86816
2.01087 3.0 2.99272
2.01087 3.0 2.99272
1.75137 2.99641 3.31166
1.50171 2.98565 3.63818
1.26218 2.96773 3.97192
1.0331 2.94268 4.31244
0.814723 2.91052 4.65936
0.607326 2.87129 5.01222
0.411167 2.82504 5.37062
0.22647 2.77183 5.73411
0.053472 2.71172 6.10225
-0.107623 2.64479 6.47459
-0.256607 2.57111 6.85068
-0.378957 2.5 7.18811
3.31707 2.5 2.78335
3.17882 2.54494 2.68718
3.02523 2.58852 2.61719
2.86098 2.62941 2.57554
2.69106 2.66637 2.56347
2.52063 2.69827 2.58136
2.35487 2.72414 2.62867
2.19881 2.74321 2.70395
2.0572 2.75489 2.80492
1.93434 2.75882 2.92851
1.93434 2.75882 2.92851
1.67538 2.75696 3.2479
1.42738 2.75139 3.57581
1.1906 2.74212 3.91185
0.965346 2.72915 4.25559
0.751892 2.7125 4.60663
0.550501 2.69219 4.96454
0.361413 2.66825 5.32887
0.184866 2.64071 5.6992
0.0210683 2.6096 6.07506
-0.129777 2.57495 6.456
-0.267493 2.53681 6.84155
-0.378957 2.5 7.18811
3.31707 2.5 2.78335
3.17428 2.5 2.68337
3.0163 2.5 2.60971
2.84793 2.5 2.56459
2.67428 2.5 2.5494
2.50063 2.5 2.56459
2.33226 2.5 2.6097
2.17428 2.5 2.68337
2.0315 2.5 2.78335
1.90824 2.5 2.90661
1.90824 2.5 2.90661
1.64947 2.5 3.22616
1.40202 2.5 3.55453
1.16618 2.5 3.89136
0.942235 2.5 4.2362
0.730458 2.5 4.58865
0.53112 2.5 4.94827
0.344445 2.5 5.31463
0.170671 2.5 5.68729
0.0100145 2.5 6.06578
-0.137338 2.5 6.44965
-0.271208 2.5 6.83843
-0.378957 2.5 7.18811
3.31707 2.5 2.78335
3.17882 2.45506 2.68718
3.02523 2.41148 2.61719
2.86098 2.37059 2.57554
2.69106 2.33363 2.56347
2.52063 2.30173 2.58137
2.35487 2.27586 2.62867
2.19881 2.25679 2.70395
2.0572 2.24511 2.80492
1.93434 2.24118 2.92851
1.93434 2.24118 2.92851
1.67538 2.24304 3.2479
1.42738 2.24861 3.57581
1.19059 2.25788 3.91184
0.965346 2.27085 4.25559
0.751892 2.2875 4.60663
0.550501 2.30781 4.96454
0.361413 2.33175 5.32887
0.184866 2.35929 5.6992
0.0210683 2.3904 6.07506
-0.129777 2.42505 6.456
-0.267493 2.46319 6.84155
-0.378957 2.5 7.18811
3.31707 2.5 2.78335
3.1921 2.41318 2.69832
3.0514 2.32899 2.63916
2.89924 2.25 2.60765
2.74025 2.17861 2.60475
2.57925 2.11698 2.63056
2.42114 2.06699 2.68429
2.27072 2.03015 2.7643
2.13257 2.0076 2.86816
2.01087 2.0 2.99272
2.01087 2.0 2.99272
1.75137 2.00359 3.31166
1.50171 2.01435 3.63818
1.26218 2.03227 3.97192
1.0331 2.05732 4.31244
0.814723 2.08948 4.65936
0.607326 2.12871 5.01222
0.411167 2.17496 5.37062
0.22647 2.22817 5.73411
0.053472 2.28828 6.10225
-0.107623 2.35521 6.47459
-0.256607 2.42889 6.85068
-0.378957 2.5 7.18811
-3.48755 0.4 3.07847
-4.16351 0.425 3.81668
-4.87264 0.475 4.52706
-5.58177 0.525 5.23743
-6.25773 0.55 5.97565
-6.96686 0.6 6.68602
-7.24047 1.0 5.93427
-7.32538 1.5 4.68816
-7.28172 2.0 3.28884
-7.0131 2.5 1.6214
-3.63261 0.8 2.17351
-3.58689 1.25 0.90646
-3.53706 1.6 -0.0960467
-3.29644 2.0 -1.46064
-3.56547 2.0036 -1.14973
-4.1307 2.03225 -0.553312
-4.73001 2.08945 0.00679708
-5.36045 2.175 0.527602
-6.01878 2.28825 1.00699
-3.31707 2.5 -2.78335
-3.21163 2.41318 -2.67505
-3.12893 2.32899 -2.54676
-3.07148 2.25 -2.40238
-3.04102 2.17861 -2.24631
-3.03847 2.11698 -2.08328
-3.06393 2.06699 -1.91824
-3.11661 2.03015 -1.75621
-3.1949 2.0076 -1.60212
-3.29644 2.0 -1.46064
-3.29644 2.0 -1.46064
-3.56547 2.00359 -1.1497
-3.84368 2.01435 -0.847128
-4.13075 2.03227 -0.553293
-4.42632 2.05732 -0.268553
-4.73005 2.08948 0.00674319
-5.04153 2.12871 0.272263
-5.36043 2.17496 0.527678
-5.68632 2.22817 0.772688
-6.01882 2.28828 1.00698
-6.35753 2.35521 1.23029
-6.70204 2.42889 1.44232
-7.0131 2.5 1.6214
-3.31707 2.5 -2.78335
-3.19835 2.45506 -2.6639
-3.10276 2.41148 -2.5248
-3.03321 2.37059 -2.37028
-2.99183 2.33363 -2.20503
-2.97985 2.30173 -2.03408
-2.99765 2.27586 -1.86263
-3.04469 2.25679 -1.69587
-3.11954 2.24511 -1.53888
-3.21991 2.24118 -1.39642
-3.21991 2.24118 -1.39642
-3.48949 2.24304 -1.08594
-3.76935 2.24861 -0.784758
-4.05916 2.25788 -0.493218
-4.35857 2.27085 -0.211705
-4.66721 2.2875 0.0594647
-4.98471 2.30781 0.319945
-5.31067 2.33175 0.569427
-5.64472 2.35929 0.807598
-5.98642 2.3904 1.03417
-6.33538 2.42505 1.24888
-6.69116 2.46319 1.45145
-7.0131 2.5 1.6214
-3.31707 2.5 -2.78335
-3.19381 2.5 -2.6601
-3.09383 2.5 -2.51731
-3.02017 2.5 -2.35933
-2.97505 2.5 -2.19096
-2.95986 2.5 -2.01731
-2.97505 2.5 -1.84366
-3.02016 2.5 -1.67528
-3.09383 2.5 -1.51731
-3.19382 2.5 -1.37452
-3.19382 2.5 -1.37452
-3.46357 2.5 -1.06419
-3.74399 2.5 -0.763482
-4.03474 2.5 -0.472732
-4.33546 2.5 -0.192312
-4.64578 2.5 0.0774498
-4.96533 2.5 0.336208
-5.2937 2.5 0.583664
-5.63052 2.5 0.819509
-5.97537 2.5 1.04345
-6.32782 2.5 1.25522
-6.68744 2.5 1.45457
-7.0131 2.5 1.6214
-3.31707 2.5 -2.78335
-3.19835 2.54494 -2.6639
-3.10276 2.58852 -2.5248
-3.03321 2.62941 -2.37028
-2.99183 2.66637 -2.20503
-2.97985 2.69827 -2.03408
-2.99765 2.72414 -1.86263
-3.04469 2.74321 -1.69587
-3.11954 2.75489 -1.53888
-3.21991 2.75882 -1.39642
-3.21991 2.75882 -1.39642
-3.48949 2.75696 -1.08594
-3.76935 2.75139 -0.784758
-4.05916 2.74212 -0.493218
-4.35857 2.72915 -0.211705
-4.66721 2.7125 0.0594647
-4.98471 2.69219 0.319945
-5.31067 2.66825 0.569427
-5.64472 2.64071 0.807598
-5.98642 2.6096 1.03417
-6.33538 2.57495 1.24888
-6.69116 2.53681 1.45145
-7.0131 2.5 1.6214
-3.31707 2.5 -2.78335
-3.21163 2.58682 -2.67505
-3.12893 2.67101 -2.54676
-3.07148 2.75 -2.40238
-3.04102 2.82139 -2.24631
-3.03847 2.88302 -2.08328
-3.06393 2.93301 -1.91824
-3.11661 2.96985 -1.75621
-3.1949 2.9924 -1.60212
-3.29644 3.0 -1.46064
-3.29644 3.0 -1.46064
-3.56547 2.99641 -1.1497
-3.84368 2.98565 -0.847128
-4.13075 2.96773 -0.553293
-4.42632 2.94268 -0.268553
-4.73005 2.91052 0.00674319
-5.04153 2.87129 0.272263
-5.36043 2.82504 0.527678
-5.68632 2.77183 0.772688
-6.01882 2.71172 1.00698
-6.35753 2.64479 1.23029
-6.70204 2.57111 1.44232
-7.0131 2.5 1.6214
-3.31707 2.5 -2.78335
-3.23277 2.62279 -2.69279
-3.17057 2.74184 -2.5817
-3.13235 2.85355 -2.45346
-3.11927 2.95452 -2.31197
-3.13173 3.04168 -2.16153
-3.16936 3.11237 -2.0067
-3.231 3.16446 -1.8522
-3.31479 3.19636 -1.70271
-3.41818 3.20711 -1.56279
-3.41818 3.20711 -1.56279
-3.68633 3.20203 -1.25111
-3.96192 3.18682 -0.946348
-4.24463 3.16148 -0.64885
-4.5341 3.12604 -0.358993
-4.83 3.08056 -0.0771277
-5.13193 3.02508 0.196408
-5.43957 2.95968 0.461271
-5.75251 2.88443 0.717152
-6.07038 2.79942 0.963724
-6.39279 2.70476 1.20071
-6.71936 2.60057 1.42779
-7.0131 2.5 1.6214
-3.31707 2.5 -2.78335
-3.26032 2.65038 -2.7159
-3.22484 2.7962 -2.62723
-3.21168 2.93301 -2.52003
-3.22125 3.05667 -2.39754
-3.25327 3.16341 -2.26351
-3.30675 3.25 -2.12199
-3.38009 3.3138 -1.9773
-3.47103 3.35287 -1.83382
-3.57684 3.36603 -1.69592
-3.57684 3.36603 -1.69592
-3.84384 3.35981 -1.38328
-4.11602 3.34117 -1.07565
-4.39305 3.31014 -0.773383
-4.67457 3.26674 -0.476861
-4.96026 3.21104 -0.186427
-5.24975 3.14309 0.0975473
-5.5427 3.06299 0.374732
-5.83876 2.97083 0.644773
-6.13755 2.86671 0.907358
-6.43874 2.75078 1.16215
-6.74192 2.62317 1.40886
-7.0131 2.5 1.6214
-3.31707 2.5 -2.78335
-3.2924 2.66773 -2.74282
-3.28803 2.83037 -2.68026
-3.30406 2.98296 -2.59754
-3.34001 3.12089 -2.49719
-3.3948 3.23994 -2.38227
-3.46676 3.33652 -2.25625
-3.5537 3.40767 -2.12298
-3.65298 3.45125 -1.98649
-3.76159 3.46593 -1.85094
-3.76159 3.46593 -1.85094
-4.02727 3.45899 -1.5372
-4.29547 3.43821 -1.22623
-4.56588 3.40359 -0.918409
-4.83815 3.35519 -0.614115
-5.11195 3.29306 -0.313712
-5.38694 3.21728 -0.0175698
-5.66281 3.12793 0.27395
-5.93921 3.02514 0.560491
-6.21579 2.90902 0.84171
-6.49224 2.77971 1.11726
-6.7682 2.63738 1.38681
-7.0131 2.5 1.6214
-3.31707 2.5 -2.78335
-3.32684 2.67365 -2.77172
-3.35584 2.84202 -2.73716
-3.40319 3.0 -2.68072
-3.46746 3.14279 -2.60413
-3.54668 3.26604 -2.50971
-3.63847 3.36603 -2.40033
-3.74001 3.43969 -2.27931
-3.84824 3.48481 -2.15033
-3.95986 3.5 -2.01731
-3.95986 3.5 -2.01731
-4.22412 3.49282 -1.70237
-4.48806 3.4713 -1.38783
-4.75136 3.43547 -1.07404
-5.01368 3.38536 -0.76141
-5.27473 3.32104 -0.450305
-5.53417 3.24258 -0.141114
-5.7917 3.15008 0.165794
-6.047 3.04366 0.470045
-6.29975 2.92345 0.771261
-6.54965 2.78958 1.06908
-6.7964 2.64223 1.36314
-7.0131 2.5 1.6214
-3.31707 2.5 -2.78335
-3.36126 2.66773 -2.8006
-3.42365 2.83037 -2.79406
-3.50232 2.98296 -2.76391
-3.5949 3.12088 -2.71107
-3.69856 3.23994 -2.63715
-3.81017 3.33652 -2.54441
-3.92632 3.40767 -2.43564
-4.04349 3.45125 -2.31417
-4.15813 3.46593 -2.18368
-4.15813 3.46593 -2.18368
-4.42097 3.45899 -1.86754
-4.68063 3.43821 -1.54942
-4.93682 3.40359 -1.22967
-5.18922 3.35519 -0.908699
-5.43752 3.29306 -0.586897
-5.6814 3.21728 -0.264651
-5.92059 3.12793 0.0576453
-6.15479 3.02514 0.379598
-6.3837 2.90902 0.700818
-6.60707 2.77971 1.02091
-6.8246 2.63738 1.33948
-7.0131 2.5 1.6214
-3.31707 2.5 -2.78335
-3.39335 2.65038 -2.82752
-3.48684 2.7962 -2.84708
-3.5947 2.93301 -2.84142
-3.71365 3.05667 -2.81072
-3.84009 3.16341 -2.75591
-3.97017 3.25 -2.67867
-4.09993 3.3138 -2.58132
-4.22544 3.35287 -2.46684
-4.34288 3.36602 -2.3387
-4.34288 3.36602 -2.3387
-4.60439 3.35981 -2.02146
-4.86009 3.34117 -1.7
-5.10966 3.31014 -1.37469
-5.3528 3.26674 -1.04596
-5.5892 3.21104 -0.714175
-5.8186 3.14309 -0.379774
-6.0407 3.06299 -0.0431373
-6.25523 2.97083 0.295316
-6.46194 2.86671 0.63517
-6.66057 2.75078 0.976014
-6.85087 2.62317 1.31744
-7.0131 2.5 1.6214
-3.31707 2.5 -2.78335
-3.42089 2.62279 -2.85064
-3.5411 2.74184 -2.89261
-3.67402 2.85355 -2.90798
-3.81564 2.95452 -2.89629
-3.96163 3.04167 -2.85789
-4.10757 3.11237 -2.79396
-4.24902 3.16446 -2.70642
-4.38168 3.19636 -2.59794
-4.50153 3.20711 -2.47182
-4.50153 3.20711 -2.47182
-4.76191 3.20203 -2.15363
-5.01418 3.18682 -1.8293
-5.25807 3.16148 -1.49923
-5.49326 3.12604 -1.16382
-5.71947 3.08056 -0.823481
-5.93641 3.02508 -0.478628
-6.14384 2.95968 -0.129682
-6.34148 2.88443 0.222944
-6.52912 2.79942 0.578797
-6.70651 2.70476 0.937466
-6.87344 2.60057 1.2985
-7.0131 2.5 1.6214
-3.31707 2.5 -2.78335
-3.44204 2.58682 -2.86838
-3.58274 2.67101 -2.92755
-3.73489 2.75 -2.95906
-3.89389 2.82139 -2.96195
-4.05488 2.88302 -2.93615
-4.213 2.93301 -2.88242
-4.36341 2.96985 -2.80241
-4.50158 2.9924 -2.69855
-4.62327 3.0 -2.57398
-4.62327 3.0 -2.57398
-4.88278 2.99641 -2.25505
-5.13243 2.98565 -1.92852
-5.37196 2.96773 -1.59479
-5.60104 2.94268 -1.25426
-5.81941 2.91052 -0.907346
-6.02681 2.87129 -0.554484
-6.22298 2.82504 -0.196089
-6.40767 2.77183 0.167407
-6.58066 2.71172 0.535544
-6.74176 2.64479 0.907885
-6.89075 2.57111 1.28397
-7.0131 2.5 1.6214
-3.31707 2.5 -2.78335
-3.45533 2.54494 -2.87953
-3.60891 2.58852 -2.94951
-3.77316 2.62941 -2.99116
-3.94308 2.66637 -3.00323
-4.11351 2.69827 -2.98534
-4.27927 2.72414 -2.93803
-4.43533 2.74321 -2.86275
-4.57694 2.75489 -2.76178
-4.6998 2.75882 -2.63819
-4.6998 2.75882 -2.63819
-4.95875 2.75696 -2.3188
-5.20677 2.75139 -1.9909
-5.44355 2.74212 -1.65486
-5.6688 2.72915 -1.31112
-5.88225 2.7125 -0.960074
-6.08364 2.69219 -0.602166
-6.27272 2.66825 -0.237831
-6.44927 2.64071 0.132498
-6.61307 2.6096 0.508354
-6.76392 2.57495 0.889289
-6.90164 2.53681 1.27484
-7.0131 2.5 1.6214
-3.31707 2.5 -2.78335
-3.45986 2.5 -2.88334
-3.61784 2.5 -2.957
-3.78621 2.5 -3.00212
-3.95985 2.5 -3.0173
-4.1335 2.5 -3.00211
-4.30188 2.5 -2.957
-4.45986 2.5 -2.88333
-4.60264 2.5 -2.78335
-4.7259 2.5 -2.6601
-4.7259 2.5 -2.6601
-4.98467 2.5 -2.34055
-5.23212 2.5 -2.01217
-5.46796 2.5 -1.67534
-5.6919 2.5 -1.3305
-5.90368 2.5 -0.978052
-6.10302 2.5 -0.618435
-6.28969 2.5 -0.252069
-6.46347 2.5 0.120587
-6.62412 2.5 0.499079
-6.77148 2.5 0.882945
-6.90534 2.5 1.27173
-7.0131 2.5 1.6214
-3.31707 2.5 -2.78335
-3.45533 2.45506 -2.87953
-3.60891 2.41148 -2.94951
-3.77316 2.37059 -2.99116
-3.94308 2.33363 -3.00323
-4.11351 2.30173 -2.98534
-4.27927 2.27586 -2.93803
-4.43533 2.25679 -2.86275
-4.57694 2.24511 -2.76178
-4.6998 2.24118 -2.63819
-4.6998 2.24118 -2.63819
-4.95875 2.24304 -2.3188
-5.20677 2.24861 -1.9909
-5.44355 2.25788 -1.65486
-5.6688 2.27085 -1.31112
-5.88225 2.2875 -0.960074
-6.08364 2.30781 -0.602166
-6.27272 2.33175 -0.237831
-6.44928 2.35929 0.132491
-6.61307 2.3904 0.508354
-6.76392 2.42505 0.889289
-6.90164 2.46319 1.27484
-7.0131 2.5 1.6214
-3.31707 2.5 -2.78335
-3.44204 2.41318 -2.86838
-3.58274 2.32899 -2.92755
-3.73489 2.25 -2.95906
-3.89389 2.17861 -2.96195
-4.05488 2.11698 -2.93615
-4.213 2.06699 -2.88242
-4.36341 2.03015 -2.80241
-4.50158 2.0076 -2.69855
-4.62327 2.0 -2.57398
-4.62327 2.0 -2.57398
-4.88278 2.00359 -2.25505
-5.13243 2.01435 -1.92852
-5.37196 2.03227 -1.59479
-5.60104 2.05732 -1.25426
-5.81941 2.08948 -0.907346
-6.02681 2.12871 -0.554484
-6.22298 2.17496 -0.196089
-6.40767 2.22817 0.167407
-6.58066 2.28828 0.535544
-6.74176 2.35521 0.907885
-6.89075 2.42889 1.28397
-7.0131 2.5 1.6214
-3.31707 2.5 -2.78335
-3.42089 2.37721 -2.85064
-3.5411 2.25816 -2.89261
-3.67402 2.14645 -2.90798
-3.81564 2.04548 -2.89629
-3.96163 1.95833 -2.85789
-4.10757 1.88763 -2.79396
-4.24902 1.83554 -2.70642
-4.38168 1.80364 -2.59794
-4.50153 1.79289 -2.47182
-4.50153 1.79289 -2.47182
-4.76191 1.79797 -2.15363
-5.01418 1.81318 -1.8293
-5.25807 1.83852 -1.49923
-5.49326 1.87396 -1.16382
-5.71947 1.91944 -0.823481
-5.93641 1.97492 -0.478628
-6.14384 2.04032 -0.129682
-6.34148 2.11557 0.222944
-6.52912 2.20058 0.578797
-6.70651 2.29524 0.937466
-6.87344 2.39943 1.2985
-7.0131 2.5 1.6214
-3.31707 2.5 -2.78335
-3.39335 2.34962 -2.82752
-3.48684 2.2038 -2.84708
-3.5947 2.06699 -2.84142
-3.71365 1.94333 -2.81072
-3.84009 1.83659 -2.75591
-3.97017 1.75 -2.67867
-4.09993 1.6862 -2.58132
-4.22544 1.64713 -2.46684
-4.34288 1.63398 -2.3387
-4.34288 1.63398 -2.3387
-4.60439 1.64019 -2.02146
-4.86009 1.65883 -1.7
-5.10966 1.68986 -1.37469
-5.3528 1.73326 -1.04596
-5.5892 1.78896 -0.714175
-5.8186 1.85691 -0.379774
-6.0407 1.93701 -0.0431373
-6.25523 2.02917 0.295316
-6.46194 2.13329 0.63517
-6.66057 2.24922 0.976014
-6.85087 2.37683 1.31744
-7.0131 2.5 1.6214
-3.31707 2.5 -2.78335
-3.36126 2.33227 -2.8006
-3.42365 2.16963 -2.79406
-3.50232 2.01704 -2.76391
-3.5949 1.87911 -2.71107
-3.69856 1.76006 -2.63715
-3.81017 1.66348 -2.54441
-3.92632 1.59233 -2.43564
-4.04349 1.54875 -2.31417
-4.15813 1.53407 -2.18368
-4.15813 1.53407 -2.18368
-4.42097 1.54101 -1.86754
-4.68063 1.56179 -1.54942
-4.93682 1.59641 -1.22967
-5.18922 1.64481 -0.908699
-5.43752 1.70694 -0.586897
-5.6814 1.78272 -0.264651
-5.92059 1.87207 0.0576453
-6.15479 1.97486 0.379598
-6.3837 2.09098 0.700818
-6.60707 2.22029 1.02091
-6.8246 2.36262 1.33948
-7.0131 2.5 1.6214
-3.31707 2.5 -2.78335
-3.32684 2.32635 -2.77172
-3.35584 2.15798 -2.73716
-3.40319 2.0 -2.68072
-3.46746 1.85721 -2.60413
-3.54668 1.73396 -2.50971
-3.63847 1.63397 -2.40033
-3.74001 1.56031 -2.27931
-3.84824 1.51519 -2.15033
-3.95986 1.5 -2.01731
-3.95986 1.5 -2.01731
-4.22412 1.50718 -1.70237
-4.48806 1.5287 -1.38783
-4.75136 1.56453 -1.07404
-5.01368 1.61464 -0.76141
-5.27473 1.67896 -0.450305
-5.53417 1.75742 -0.141114
-5.7917 1.84992 0.165794
-6.047 1.95634 0.470045
-6.29975 2.07655 0.771261
-6.54965 2.21042 1.06908
-6.7964 2.35777 1.36314
-7.0131 2.5 1.6214
-3.31707 2.5 -2.78335
-3.2924 2.33227 -2.74282
-3.28803 2.16963 -2.68026
-3.30406 2.01704 -2.59754
-3.34001 1.87912 -2.49719
-3.3948 1.76006 -2.38227
-3.46676 1.66348 -2.25625
-3.5537 1.59233 -2.12298
-3.65298 1.54875 -1.98649
-3.76159 1.53407 -1.85094
-3.76159 1.53407 -1.85094
-4.02727 1.54101 -1.5372
-4.29547 1.56179 -1.22623
-4.56588 1.59641 -0.918409
-4.83815 1.64481 -0.614115
-5.11195 1.70694 -0.313712
-5.38694 1.78272 -0.0175698
-5.66281 1.87207 0.27395
-5.93921 1.97486 0.560491
-6.21579 2.09098 0.84171
-6.49224 2.22029 1.11726
-6.7682 2.36262 1.38681
-7.0131 2.5 1.6214
-3.31707 2.5 -2.78335
-3.26032 2.34962 -2.7159
-3.22484 2.2038 -2.62723
-3.21168 2.06699 -2.52003
-3.22125 1.94333 -2.39754
-3.25327 1.83659 -2.26351
-3.30675 1.75 -2.12199
-3.38009 1.6862 -1.9773
-3.47103 1.64713 -1.83382
-3.57684 1.63398 -1.69592
-3.57684 1.63398 -1.69592
-3.84384 1.64019 -1.38328
-4.11602 1.65883 -1.07565
-4.39305 1.68986 -0.773383
-4.67457 1.73326 -0.476861
-4.96026 1.78896 -0.186427
-5.24975 1.85691 0.0975473
-5.5427 1.93701 0.374732
-5.83876 2.02917 0.644773
-6.13755 2.13329 0.907358
-6.43874 2.24922 1.16215
-6.74192 2.37683 1.40886
-7.0131 2.5 1.6214
-3.31707 2.5 -2.78335
-3.23277 2.37721 -2.69279
-3.17057 2.25816 -2.5817
-3.13235 2.14645 -2.45346
-3.11927 2.04548 -2.31197
-3.13173 1.95833 -2.16153
-3.16936 1.88763 -2.0067
-3.231 1.83554 -1.8522
-3.31479 1.80364 -1.70271
-3.41818 1.79289 -1.56279
-3.41818 1.79289 -1.56279
-3.68633 1.79797 -1.25111
-3.96192 1.81318 -0.946348
-4.24463 1.83852 -0.64885
-4.5341 1.87396 -0.358993
-4.83 1.91944 -0.0771277
-5.13193 1.97492 0.196408
-5.43957 2.04032 0.461271
-5.75251 2.11557 0.717152
-6.07038 2.20058 0.963724
-6.39279 2.29524 1.20071
-6.71936 2.39943 1.42779
-7.0131 2.5 1.6214
-3.31707 2.5 -2.78335
-3.21163 2.41318 -2.67505
-3.12893 2.32899 -2.54676
-3.07148 2.25 -2.40238
-3.04102 2.17861 -2.24631
-3.03847 2.11698 -2.08328
-3.06393 2.06699 -1.91824
-3.11661 2.03015 -1.75621
-3.1949 2.0076 -1.60212
-3.29644 2.0 -1.46064
-3.29644 2.0 -1.46064
-3.56547 2.00359 -1.1497
-3.84368 2.01435 -0.847128
-4.13075 2.03227 -0.553293
-4.42632 2.05732 -0.268553
-4.73005 2.08948 0.00674319
-5.04153 2.12871 0.272263
-5.36043 2.17496 0.527678
-5.68632 2.22817 0.772688
-6.01882 2.28828 1.00698
-6.35753 2.35521 1.23029
-6.70204 2.42889 1.44232
-7.0131 2.5 1.6214
-3.21394 0.0 3.83022
-2.95682 -0.8 3.5238
-3.59961 -0.85 4.28985
-4.2424 -0.95 5.05589
-4.88519 -1.05 5.82194
-5.52797 -1.1 6.58798
-6.17076 -1.2 7.35403
-6.81355 -1.25 8.12007
-7.45634 -1.3 8.88612
-8.09912 -1.35 9.65216
-8.74191 -1.4 10.4182
-9.3847 -1.4 11.1842
-10.0275 -1.375 11.9503
-10.6703 -1.27 12.7163
-11.3131 -1.2 13.4824
-11.9559 -1.05 14.2484
-12.5986 -0.85 15.0145
-13.2414 -0.65 15.7805
-13.8842 -0.35 16.5466
-14.2699 -0.1 17.0062
-15.2662 -0.1 18.1936
-15.2662 0.0 18.1936
-3.21394 0.0 3.83022
-2.79821 -0.772741 3.6569
-3.43108 -0.821037 4.43126
-4.05404 -0.91763 5.21394
-4.67701 -1.01422 5.99662
-5.30988 -1.06252 6.77099
-5.93284 -1.15911 7.55367
-6.56572 -1.20741 8.32803
-7.19859 -1.2557 9.10239
-7.83146 -1.304 9.87675
-8.46434 -1.3523 10.6511
-9.10713 -1.3523 11.4172
-9.75487 -1.32815 12.179
-10.4185 -1.22673 12.9276
-11.0751 -1.15911 13.682
-11.7477 -1.01422 14.4231
-12.4301 -0.821037 15.1559
-13.1126 -0.627852 15.8887
-13.8148 -0.338074 16.6048
-14.2501 -0.0965926 17.0228
-15.2464 -0.0965926 18.2102
-15.2662 0.0 18.1936
-3.21394 0.0 3.83022
-2.65041 -0.69282 3.78092
-3.27404 -0.736122 4.56303
-3.87853 -0.822724 5.36122
-4.48301 -0.909327 6.1594
-5.10665 -0.952628 6.94152
-5.71113 -1.03923 7.7397
-6.33477 -1.08253 8.52181
-6.95841 -1.12583 9.30393
-7.58205 -1.16913 10.086
-8.20568 -1.21244 10.8682
-8.84847 -1.21244 11.6342
-9.50083 -1.19078 12.3922
-10.1838 -1.09985 13.1245
-10.8534 -1.03923 13.8681
-11.5537 -0.909327 14.5859
-12.2731 -0.736122 15.2877
-12.9925 -0.562917 15.9894
-13.7502 -0.303109 16.659
-14.2316 -0.0866025 17.0383
-15.2279 -0.0866025 18.2257
-15.2662 0.0 18.1936
-3.21394 0.0 3.83022
-2.52348 -0.565685 3.88742
-3.13919 -0.601041 4.67619
-3.72781 -0.671751 5.48769
-4.31643 -0.742462 6.29918
-4.93213 -0.777817 7.08795
-5.52075 -0.848528 7.89945
-6.13646 -0.883883 8.68822
-6.75216 -0.919239 9.47699
-7.36786 -0.954594 10.2658
-7.98357 -0.989949 11.0545
-8.62636 -0.989949 11.8206
-9.28268 -0.972272 12.5753
-9.98235 -0.898026 13.2936
-10.6631 -0.848528 14.0278
-11.3871 -0.742462 14.7257
-12.1382 -0.601041 15.4008
-12.8893 -0.459619 16.076
-13.6946 -0.247487 16.7056
-14.2157 -0.0707107 17.0516
-15.212 -0.0707107 18.239
-15.2662 0.0 18.1936
-3.21394 0.0 3.83022
-2.42609 -0.4 3.96914
-3.03571 -0.425 4.76302
-3.61216 -0.475 5.58473
-4.1886 -0.525 6.40644
-4.79822 -0.55 7.20032
-5.37467 -0.6 8.02203
-5.98428 -0.625 8.81591
-6.5939 -0.65 9.60979
-7.20352 -0.675 10.4037
-7.81313 -0.7 11.1975
-8.45592 -0.7 11.9636
-9.1153 -0.6875 12.7157
-9.82774 -0.635 13.4233
-10.517 -0.6 14.1504
-11.2593 -0.525 14.8329
-12.0347 -0.425 15.4876
-12.8102 -0.325 16.1424
-13.652 -0.175 16.7414
-14.2035 -0.05 17.0619
-15.1999 -0.05 18.2492
-15.2662 0.0 18.1936
-3.21394 0.0 3.83022
-2.36487 -0.207055 4.02051
-2.97066 -0.219996 4.8176
-3.53945 -0.245878 5.64573
-4.10825 -0.27176 6.47387
-4.71404 -0.284701 7.27096
-5.28283 -0.310583 8.09909
-5.88862 -0.323524 8.89618
-6.49441 -0.336465 9.69326
-7.1002 -0.349406 10.4904
-7.70599 -0.362347 11.2874
-8.34878 -0.362347 12.0535
-9.01007 -0.355876 12.804
-9.73055 -0.3287 13.5049
-10.4251 -0.310583 14.2274
-11.1789 -0.27176 14.9004
-11.9697 -0.219996 15.5422
-12.7605 -0.168232 16.1841
-13.6252 -0.0905867 16.7639
-14.1959 -0.0258819 17.0683
-15.1922 -0.0258819 18.2556
-15.2662 0.0 18.1936
-3.21394 0.0 3.83022
-2.34399 1.49012e-008 4.03803
-2.94847 0.0 4.83622
-3.51466 -1.49012e-008 5.66654
-4.08084 -2.98023e-008 6.49686
-4.68533 5.96046e-008 7.29505
-5.25151 -5.96046e-008 8.12537
-5.85599 2.98023e-008 8.92356
-6.46048 2.98023e-008 9.72174
-7.06496 0.0 10.5199
-7.66945 -2.98023e-008 11.3181
-8.31224 -2.98023e-008 12.0842
-8.97418 5.96046e-008 12.8341
-9.6974 -2.98023e-008 13.5327
-10.3938 -5.96046e-008 14.2537
-11.1515 -2.98023e-008 14.9234
-11.9475 0.0 15.5608
-12.7435 1.49012e-008 16.1983
-13.6161 -7.45058e-009 16.7715
-14.1933 1.86265e-009 17.0705
-15.1896 1.86265e-009 18.2578
-15.2662 0.0 18.1936
-3.21394 0.0 3.83022
-2.36487 0.207055 4.02051
-2.97066 0.219996 4.8176
-3.53945 0.245878 5.64573
-4.10825 0.27176 6.47387
-4.71404 0.284701 7.27096
-5.28283 0.310583 8.09909
-5.88862 0.323524 8.89618
-6.49441 0.336465 9.69326
-7.1002 0.349406 10.4904
-7.70599 0.362347 11.2874
-8.34878 0.362347 12.0535
-9.01007 0.355876 12.804
-9.73055 0.3287 13.5049
-10.4251 0.310583 14.2274
-11.1789 0.27176 14.9004
-11.9697 0.219996 15.5422
-12.7605 0.168232 16.1841
-13.6252 0.0905866 16.7639
-14.1959 0.0258819 17.0683
-15.1922 0.0258819 18.2556
-15.2662 0.0 18.1936
-3.21394 0.0 3.83022
-2.42609 0.4 3.96914
-3.03571 0.425 4.76302
-3.61216 0.475 5.58473
-4.1886 0.525 6.40644
-4.79822 0.55 7.20032
-5.37467 0.6 8.02203
-5.98428 0.625 8.81591
-6.5939 0.65 9.60979
-7.20352 0.675 10.4037
-7.81313 0.7 11.1975
-8.45592 0.7 11.9636
-9.1153 0.6875 12.7157
-9.82774 0.635 13.4233
-10.517 0.6 14.1504
-11.2593 0.525 14.8329
-12.0347 0.425 15.4876
-12.8102 0.325 16.1424
-13.652 0.175 16.7414
-14.2035 0.05 17.0619
-15.1999 0.05 18.2492
-15.2662 0.0 18.1936
-3.21394 0.0 3.83022
-2.52348 0.565685 3.88742
-3.13919 0.601041 4.67619
-3.72781 0.671751 5.48769
-4.31643 0.742462 6.29918
-4.93213 0.777817 7.08795
-5.52075 0.848528 7.89945
-6.13646 0.883883 8.68822
-6.75216 0.919239 9.47699
-7.36786 0.954594 10.2658
-7.98357 0.989949 11.0545
-8.62636 0.989949 11.8206
-9.28268 0.972272 12.5753
-9.98235 0.898026 13.2936
-10.6631 0.848528 14.0278
-11.3871 0.742462 14.7257
-12.1382 0.601041 15.4008
-12.8893 0.459619 16.076
-13.6946 0.247487 16.7056
-14.2157 0.0707107 17.0516
-15.212 0.0707107 18.239
-15.2662 0.0 18.1936
-3.21394 0.0 3.83022
-2.65041 0.69282 3.78092
-3.27404 0.736122 4.56303
-3.87853 0.822724 5.36122
-4.48301 0.909326 6.1594
-5.10665 0.952628 6.94152
-5.71113 1.03923 7.7397
-6.33477 1.08253 8.52181
-6.95841 1.12583 9.30393
-7.58205 1.16913 10.086
-8.20568 1.21244 10.8682
-8.84847 1.21244 11.6342
-9.50083 1.19078 12.3922
-10.1838 1.09985 13.1245
-10.8534 1.03923 13.8681
-11.5537 0.909326 14.5859
-12.2731 0.736122 15.2877
-12.9925 0.562917 15.9894
-13.7502 0.303109 16.659
-14.2316 0.0866025 17.0383
-15.2279 0.0866025 18.2257
-15.2662 0.0 18.1936
-3.21394 0.0 3.83022
-2.79821 0.772741 3.6569
-3.43108 0.821037 4.43126
-4.05404 0.917629 5.21394
-4.67701 1.01422 5.99662
-5.30988 1.06252 6.77099
-5.93284 1.15911 7.55367
-6.56572 1.20741 8.32803
-7.19859 1.2557 9.10239
-7.83146 1.304 9.87675
-8.46434 1.3523 10.6511
-9.10713 1.3523 11.4172
-9.75487 1.32815 12.179
-10.4185 1.22673 12.9276
-11.0751 1.15911 13.682
-11.7477 1.01422 14.4231
-12.4301 0.821037 15.1559
-13.1126 0.627852 15.8887
-13.8148 0.338074 16.6048
-14.2501 0.0965926 17.0228
-15.2464 0.0965926 18.2102
-15.2662 0.0 18.1936
-3.21394 0.0 3.83022
-2.95682 0.8 3.5238
-3.59961 0.85 4.28985
-4.2424 0.95 5.05589
-4.88519 1.05 5.82194
-5.52797 1.1 6.58798
-6.17076 1.2 7.35403
-6.81355 1.25 8.12007
-7.45634 1.3 8.88612
-8.09912 1.35 9.65216
-8.74191 1.4 10.4182
-9.3847 1.4 11.1842
-10.0275 1.375 11.9503
-10.6703 1.27 12.7163
-11.3131 1.2 13.4824
-11.9559 1.05 14.2484
-12.5986 0.85 15.0145
-13.2414 0.65 15.7805
-13.8842 0.35 16.5466
-14.2699 0.1 17.0062
-15.2662 0.1 18.1936
-15.2662 0.0 18.1936
-3.21394 0.0 3.83022
-3.11544 0.77274 3.39071
-3.76814 0.821037 4.14844
-4.43075 0.917629 4.89785
-5.09337 1.01422 5.64725
-5.74607 1.06252 6.40498
-6.40868 1.15911 7.15439
-7.06138 1.20741 7.91211
-7.71408 1.2557 8.66984
-8.36679 1.304 9.42757
-9.01949 1.3523 10.1853
-9.66227 1.3523 10.9513
-10.3001 1.32815 11.7215
-10.9221 1.22673 12.5051
-11.551 1.15911 13.2827
-12.164 1.01422 14.0737
-12.7672 0.821037 14.8731
-13.3703 0.627852 15.6724
-13.9536 0.338074 16.4883
-14.2897 0.0965926 16.9896
-15.286 0.0965926 18.1769
-15.2662 0.0 18.1936
-3.21394 0.0 3.83022
-3.26324 0.69282 3.26669
-3.92518 0.736121 4.01666
-4.60627 0.822724 4.75057
-5.28736 0.909326 5.48447
-5.9493 0.952628 6.23445
-6.63039 1.03923 6.96835
-7.29233 1.08253 7.71833
-7.95427 1.12583 8.4683
-8.61621 1.16913 9.21828
-9.27814 1.21244 9.96825
-9.92093 1.21244 10.7343
-10.5541 1.19078 11.5084
-11.1567 1.09985 12.3082
-11.7727 1.03923 13.0967
-12.358 0.909326 13.911
-12.9242 0.736121 14.7413
-13.4904 0.562917 15.5716
-14.0183 0.303109 16.4341
-14.3082 0.0866025 16.974
-15.3045 0.0866025 18.1614
-15.2662 0.0 18.1936
-3.21394 0.0 3.83022
-3.39016 0.565685 3.16019
-4.06003 0.601041 3.90351
-4.75699 0.671751 4.6241
-5.45395 0.742462 5.34469
-6.12382 0.777817 6.08801
-6.82077 0.848528 6.8086
-7.49064 0.883883 7.55192
-8.16051 0.919239 8.29524
-8.83039 0.954594 9.03856
-9.50026 0.989949 9.78188
-10.143 0.989949 10.5479
-10.7723 0.972272 11.3253
-11.3582 0.898026 12.1391
-11.9631 0.848528 12.937
-12.5246 0.742462 13.7712
-13.0591 0.601041 14.6281
-13.5935 0.459619 15.4851
-14.0738 0.247487 16.3875
-14.3241 0.0707107 16.9607
-15.3204 0.0707107 18.1481
-15.2662 0.0 18.1936
-3.21394 0.0 3.83022
-3.48755 0.4 3.07847
-4.16351 0.425 3.81668
-4.87264 0.475 4.52706
-5.58177 0.525 5.23743
-6.25773 0.55 5.97565
-6.96686 0.6 6.68602
-7.64282 0.625 7.42423
-8.31877 0.65 8.16245
-8.99473 0.675 8.90066
-9.67069 0.7 9.63886
-10.3135 0.7 10.4049
-10.9397 0.6875 11.1849
-11.5128 0.635 12.0094
-12.1092 0.6 12.8144
-12.6524 0.525 13.6639
-13.1625 0.425 14.5413
-13.6726 0.325 15.4187
-14.1164 0.175 16.3517
-14.3362 0.05 16.9505
-15.3325 0.05 18.1379
-15.2662 0.0 18.1936
-3.21394 0.0 3.83022
-3.54878 0.207055 3.0271
-4.22856 0.219996 3.7621
-4.94534 0.245878 4.46605
-5.66212 0.27176 5.17001
-6.34191 0.284701 5.90501
-7.05869 0.310583 6.60897
-7.73848 0.323524 7.34396
-8.41826 0.336465 8.07897
-9.09805 0.349406 8.81397
-9.77783 0.362347 9.54896
-10.4206 0.362347 10.315
-11.0449 0.355876 11.0966
-11.61 0.3287 11.9278
-12.201 0.310583 12.7373
-12.7328 0.27176 13.5965
-13.2276 0.219996 14.4867
-13.7224 0.168232 15.3769
-14.1432 0.0905867 16.3293
-14.3439 0.0258819 16.9441
-15.3402 0.0258819 18.1315
-15.2662 0.0 18.1936
-3.21394 0.0 3.83022
-3.56966 -1.49012e-007 3.00957
-4.25075 -7.45058e-008 3.74348
-4.97014 4.47035e-008 4.44525
-5.68953 -5.96046e-008 5.14701
-6.37062 -2.98023e-008 5.88092
-7.09001 5.96046e-008 6.58268
-7.7711 -2.98023e-008 7.31659
-8.45219 -2.98023e-008 8.05049
-9.13328 0.0 8.7844
-9.81437 1.19209e-007 9.5183
-10.4572 1.19209e-007 10.2843
-11.0808 -5.96046e-008 11.0665
-11.6432 1.49012e-007 11.9
-12.2323 5.96046e-008 12.711
-12.7602 -5.96046e-008 13.5735
-13.2498 -7.45058e-008 14.4681
-13.7394 -1.49012e-008 15.3627
-14.1523 2.98023e-008 16.3216
-14.3465 -1.86265e-008 16.9419
-15.3428 -1.86265e-008 18.1293
-15.2662 0.0 18.1936
-3.21394 0.0 3.83022
-3.54878 -0.207055 3.0271
-4.22856 -0.219996 3.7621
-4.94534 -0.245878 4.46605
-5.66212 -0.27176 5.17001
-6.34191 -0.284701 5.90501
-7.05869 -0.310583 6.60897
-7.73848 -0.323524 7.34396
-8.41826 -0.336465 8.07897
-9.09805 -0.349406 8.81397
-9.77783 -0.362346 9.54896
-10.4206 -0.362346 10.315
-11.0449 -0.355876 11.0966
-11.61 -0.3287 11.9278
-12.201 -0.310583 12.7373
-12.7328 -0.27176 13.5965
-13.2276 -0.219996 14.4867
-13.7224 -0.168232 15.3769
-14.1432 -0.0905866 16.3293
-14.3439 -0.0258819 16.9441
-15.3402 -0.0258819 18.1315
-15.2662 0.0 18.1936
-3.21394 0.0 3.83022
-3.48755 -0.4 3.07847
-4.16351 -0.425 3.81668
-4.87264 -0.475 4.52706
-5.58177 -0.525 5.23743
-6.25773 -0.55 5.97565
-6.96686 -0.6 6.68602
-7.64282 -0.625 7.42423
-8.31877 -0.65 8.16245
-8.99473 -0.675 8.90066
-9.67069 -0.7 9.63886
-10.3135 -0.7 10.4049
-10.9397 -0.6875 11.1849
-11.5128 -0.635 12.0094
-12.1092 -0.6 12.8144
-12.6524 -0.525 13.6639
-13.1625 -0.425 14.5413
-13.6726 -0.325 15.4187
-14.1164 -0.175 16.3517
-14.3362 -0.05 16.9505
-15.3325 -0.05 18.1379
-15.2662 0.0 18.1936
-3.21394 0.0 3.83022
-3.39016 -0.565685 3.16019
-4.06003 -0.601041 3.90351
-4.75699 -0.671751 4.6241
-5.45395 -0.742462 5.34469
-6.12382 -0.777817 6.08801
-6.82077 -0.848528 6.8086
-7.49064 -0.883883 7.55192
-8.16051 -0.919239 8.29524
-8.83039 -0.954594 9.03856
-9.50026 -0.989949 9.78188
-10.143 -0.989949 10.5479
-10.7723 -0.972272 11.3253
-11.3582 -0.898026 12.1391
-11.9631 -0.848528 12.937
-12.5246 -0.742462 13.7712
-13.0591 -0.601041 14.6281
-13.5935 -0.459619 15.4851
-14.0738 -0.247487 16.3875
-14.3241 -0.0707107 16.9607
-15.3204 -0.0707107 18.1481
-15.2662 0.0 18.1936
-3.21394 0.0 3.83022
-3.26324 -0.69282 3.26669
-3.92518 -0.736121 4.01666
-4.60627 -0.822724 4.75057
-5.28736 -0.909326 5.48447
-5.9493 -0.952628 6.23445
-6.63039 -1.03923 6.96835
-7.29233 -1.08253 7.71833
-7.95427 -1.12583 8.4683
-8.61621 -1.16913 9.21828
-9.27814 -1.21244 9.96825
-9.92093 -1.21244 10.7343
-10.5541 -1.19078 11.5084
-11.1567 -1.09985 12.3082
-11.7727 -1.03923 13.0967
-12.358 -0.909326 13.911
-12.9242 -0.736121 14.7413
-13.4904 -0.562917 15.5716
-14.0183 -0.303109 16.4341
-14.3082 -0.0866025 16.974
-15.3045 -0.0866025 18.1614
-15.2662 0.0 18.1936
-3.21394 0.0 3.83022
-3.11544 -0.77274 3.39071
-3.76814 -0.821037 4.14844
-4.43075 -0.917629 4.89785
-5.09337 -1.01422 5.64725
-5.74607 -1.06252 6.40498
-6.40868 -1.15911 7.15439
-7.06138 -1.20741 7.91211
-7.71408 -1.2557 8.66984
-8.36679 -1.304 9.42757
-9.01949 -1.3523 10.1853
-9.66227 -1.3523 10.9513
-10.3001 -1.32815 11.7215
-10.9221 -1.22673 12.5051
-11.551 -1.15911 13.2827
-12.164 -1.01422 14.0737
-12.7672 -0.821037 14.8731
-13.3703 -0.627852 15.6724
-13.9536 -0.338074 16.4883
-14.2897 -0.0965925 16.9896
-15.286 -0.0965925 18.1769
-15.2662 0.0 18.1936
-3.21394 0.0 3.83022
-2.95682 -0.8 3.5238
-3.59961 -0.85 4.28985
-4.2424 -0.95 5.05589
-4.88519 -1.05 5.82194
-5.52797 -1.1 6.58798
-6.17076 -1.2 7.35403
-6.81355 -1.25 8.12007
-7.45634 -1.3 8.88612
-8.09912 -1.35 9.65216
-8.74191 -1.4 10.4182
-9.3847 -1.4 11.1842
-10.0275 -1.375 11.9503
-10.6703 -1.27 12.7163
-11.3131 -1.2 13.4824
-11.9559 -1.05 14.2484
-12.5986 -0.85 15.0145
-13.2414 -0.65 15.7805
-13.8842 -0.35 16.5466
-14.2699 -0.1 17.0062
-15.2662 -0.1 18.1936
-15.2662 0.0 18.1936
