[15 14 13 12 11 10 9 8 7 6 5 4 3 2 1 0 ]
[1120 1121 1122 1123 1124 1125 1126 1127 1128 1129 1130 1131 1132 1133 1134 1135 ]
[0 1 17 16 ]
[1 2 18 17 ]
[2 3 19 18 ]
[3 4 20 19 ]
[4 5 21 20 ]
[5 6 22 21 ]
[6 7 23 22 ]
[7 8 24 23 ]
[8 9 25 24 ]
[9 10 26 25 ]
[10 11 27 26 ]
[11 12 28 27 ]
[12 13 29 28 ]
[13 14 30 29 ]
[14 15 31 30 ]
[15 0 16 31 ]
[16 17 33 32 ]
[17 18 34 33 ]
[18 19 35 34 ]
[19 20 36 35 ]
[20 21 37 36 ]
[21 22 38 37 ]
[22 23 39 38 ]
[23 24 40 39 ]
[24 25 41 40 ]
[25 26 42 41 ]
[26 27 43 42 ]
[27 28 44 43 ]
[28 29 45 44 ]
[29 30 46 45 ]
[30 31 47 46 ]
[31 16 32 47 ]
[32 33 49 48 ]
[33 34 50 49 ]
[34 35 51 50 ]
[35 36 52 51 ]
[36 37 53 52 ]
[37 38 54 53 ]
[38 39 55 54 ]
[39 40 56 55 ]
[40 41 57 56 ]
[41 42 58 57 ]
[42 43 59 58 ]
[43 44 60 59 ]
[44 45 61 60 ]
[45 46 62 61 ]
[46 47 63 62 ]
[47 32 48 63 ]
[48 49 65 64 ]
[49 50 66 65 ]
[50 51 67 66 ]
[51 52 68 67 ]
[52 53 69 68 ]
[53 54 70 69 ]
[54 55 71 70 ]
[55 56 72 71 ]
[56 57 73 72 ]
[57 58 74 73 ]
[58 59 75 74 ]
[59 60 76 75 ]
[60 61 77 76 ]
[61 62 78 77 ]
[62 63 79 78 ]
[63 48 64 79 ]
[64 65 81 80 ]
[65 66 82 81 ]
[66 67 83 82 ]
[67 68 84 83 ]
[68 69 85 84 ]
[69 70 86 85 ]
[70 71 87 86 ]
[71 72 88 87 ]
[72 73 89 88 ]
[73 74 90 89 ]
[74 75 91 90 ]
[75 76 92 91 ]
[76 77 93 92 ]
[77 78 94 93 ]
[78 79 95 94 ]
[79 64 80 95 ]
[80 81 97 96 ]
[81 82 98 97 ]
[82 83 99 98 ]
[83 84 100 99 ]
[84 85 101 100 ]
[85 86 102 101 ]
[86 87 103 102 ]
[87 88 104 103 ]
[88 89 105 104 ]
[89 90 106 105 ]
[90 91 107 106 ]
[91 92 108 107 ]
[92 93 109 108 ]
[93 94 110 109 ]
[94 95 111 110 ]
[95 80 96 111 ]
[96 97 113 112 ]
[97 98 114 113 ]
[98 99 115 114 ]
[99 100 116 115 ]
[100 101 117 116 ]
[101 102 118 117 ]
[102 103 119 118 ]
[103 104 120 119 ]
[104 105 121 120 ]
[105 106 122 121 ]
[106 107 123 122 ]
[107 108 124 123 ]
[108 109 125 124 ]
[109 110 126 125 ]
[110 111 127 126 ]
[111 96 112 127 ]
[112 113 129 128 ]
[113 114 130 129 ]
[114 115 131 130 ]
[115 116 132 131 ]
[116 117 133 132 ]
[117 118 134 133 ]
[118 119 135 134 ]
[119 120 136 135 ]
[120 121 137 136 ]
[121 122 138 137 ]
[122 123 139 138 ]
[123 124 140 139 ]
[124 125 141 140 ]
[125 126 142 141 ]
[126 127 143 142 ]
[127 112 128 143 ]
[128 129 145 144 ]
[129 130 146 145 ]
[130 131 147 146 ]
[131 132 148 147 ]
[132 133 149 148 ]
[133 134 150 149 ]
[134 135 151 150 ]
[135 136 152 151 ]
[136 137 153 152 ]
[137 138 154 153 ]
[138 139 155 154 ]
[139 140 156 155 ]
[140 141 157 156 ]
[141 142 158 157 ]
[142 143 159 158 ]
[143 128 144 159 ]
[144 145 161 160 ]
[145 146 162 161 ]
[146 147 163 162 ]
[147 148 164 163 ]
[148 149 165 164 ]
[149 150 166 165 ]
[150 151 167 166 ]
[151 152 168 167 ]
[152 153 169 168 ]
[153 154 170 169 ]
[154 155 171 170 ]
[155 156 172 171 ]
[156 157 173 172 ]
[157 158 174 173 ]
[158 159 175 174 ]
[159 144 160 175 ]
[160 161 177 176 ]
[161 162 178 177 ]
[162 163 179 178 ]
[163 164 180 179 ]
[164 165 181 180 ]
[165 166 182 181 ]
[166 167 183 182 ]
[167 168 184 183 ]
[168 169 185 184 ]
[169 170 186 185 ]
[170 171 187 186 ]
[171 172 188 187 ]
[172 173 189 188 ]
[173 174 190 189 ]
[174 175 191 190 ]
[175 160 176 191 ]
[176 177 193 192 ]
[177 178 194 193 ]
[178 179 195 194 ]
[179 180 196 195 ]
[180 181 197 196 ]
[181 182 198 197 ]
[182 183 199 198 ]
[183 184 200 199 ]
[184 185 201 200 ]
[185 186 202 201 ]
[186 187 203 202 ]
[187 188 204 203 ]
[188 189 205 204 ]
[189 190 206 205 ]
[190 191 207 206 ]
[191 176 192 207 ]
[192 193 209 208 ]
[193 194 210 209 ]
[194 195 211 210 ]
[195 196 212 211 ]
[196 197 213 212 ]
[197 198 214 213 ]
[198 199 215 214 ]
[199 200 216 215 ]
[200 201 217 216 ]
[201 202 218 217 ]
[202 203 219 218 ]
[203 204 220 219 ]
[204 205 221 220 ]
[205 206 222 221 ]
[206 207 223 222 ]
[207 192 208 223 ]
[208 209 225 224 ]
[209 210 226 225 ]
[210 211 227 226 ]
[211 212 228 227 ]
[212 213 229 228 ]
[213 214 230 229 ]
[214 215 231 230 ]
[215 216 232 231 ]
[216 217 233 232 ]
[217 218 234 233 ]
[218 219 235 234 ]
[219 220 236 235 ]
[220 221 237 236 ]
[221 222 238 237 ]
[222 223 239 238 ]
[223 208 224 239 ]
[224 225 241 240 ]
[225 226 242 241 ]
[226 227 243 242 ]
[227 228 244 243 ]
[228 229 245 244 ]
[229 230 246 245 ]
[230 231 247 246 ]
[231 232 248 247 ]
[232 233 249 248 ]
[233 234 250 249 ]
[234 235 251 250 ]
[235 236 252 251 ]
[236 237 253 252 ]
[237 238 254 253 ]
[238 239 255 254 ]
[239 224 240 255 ]
[240 241 257 256 ]
[241 242 258 257 ]
[242 243 259 258 ]
[243 244 260 259 ]
[244 245 261 260 ]
[245 246 262 261 ]
[246 247 263 262 ]
[247 248 264 263 ]
[248 249 265 264 ]
[249 250 266 265 ]
[250 251 267 266 ]
[251 252 268 267 ]
[252 253 269 268 ]
[253 254 270 269 ]
[254 255 271 270 ]
[255 240 256 271 ]
[256 257 273 272 ]
[257 258 274 273 ]
[258 259 275 274 ]
[259 260 276 275 ]
[260 261 277 276 ]
[261 262 278 277 ]
[262 263 279 278 ]
[263 264 280 279 ]
[264 265 281 280 ]
[265 266 282 281 ]
[266 267 283 282 ]
[267 268 284 283 ]
[268 269 285 284 ]
[269 270 286 285 ]
[270 271 287 286 ]
[271 256 272 287 ]
[272 273 289 288 ]
[273 274 290 289 ]
[274 275 291 290 ]
[275 276 292 291 ]
[276 277 293 292 ]
[277 278 294 293 ]
[278 279 295 294 ]
[279 280 296 295 ]
[280 281 297 296 ]
[281 282 298 297 ]
[282 283 299 298 ]
[283 284 300 299 ]
[284 285 301 300 ]
[285 286 302 301 ]
[286 287 303 302 ]
[287 272 288 303 ]
[288 289 305 304 ]
[289 290 306 305 ]
[290 291 307 306 ]
[291 292 308 307 ]
[292 293 309 308 ]
[293 294 310 309 ]
[294 295 311 310 ]
[295 296 312 311 ]
[296 297 313 312 ]
[297 298 314 313 ]
[298 299 315 314 ]
[299 300 316 315 ]
[300 301 317 316 ]
[301 302 318 317 ]
[302 303 319 318 ]
[303 288 304 319 ]
[304 305 321 320 ]
[305 306 322 321 ]
[306 307 323 322 ]
[307 308 324 323 ]
[308 309 325 324 ]
[309 310 326 325 ]
[310 311 327 326 ]
[311 312 328 327 ]
[312 313 329 328 ]
[313 314 330 329 ]
[314 315 331 330 ]
[315 316 332 331 ]
[316 317 333 332 ]
[317 318 334 333 ]
[318 319 335 334 ]
[319 304 320 335 ]
[320 321 337 336 ]
[321 322 338 337 ]
[322 323 339 338 ]
[323 324 340 339 ]
[324 325 341 340 ]
[325 326 342 341 ]
[326 327 343 342 ]
[327 328 344 343 ]
[328 329 345 344 ]
[329 330 346 345 ]
[330 331 347 346 ]
[331 332 348 347 ]
[332 333 349 348 ]
[333 334 350 349 ]
[334 335 351 350 ]
[335 320 336 351 ]
[336 337 353 352 ]
[337 338 354 353 ]
[338 339 355 354 ]
[339 340 356 355 ]
[340 341 357 356 ]
[341 342 358 357 ]
[342 343 359 358 ]
[343 344 360 359 ]
[344 345 361 360 ]
[345 346 362 361 ]
[346 347 363 362 ]
[347 348 364 363 ]
[348 349 365 364 ]
[349 350 366 365 ]
[350 351 367 366 ]
[351 336 352 367 ]
[352 353 369 368 ]
[353 354 370 369 ]
[354 355 371 370 ]
[355 356 372 371 ]
[356 357 373 372 ]
[357 358 374 373 ]
[358 359 375 374 ]
[359 360 376 375 ]
[360 361 377 376 ]
[361 362 378 377 ]
[362 363 379 378 ]
[363 364 380 379 ]
[364 365 381 380 ]
[365 366 382 381 ]
[366 367 383 382 ]
[367 352 368 383 ]
[368 369 385 384 ]
[369 370 386 385 ]
[370 371 387 386 ]
[371 372 388 387 ]
[372 373 389 388 ]
[373 374 390 389 ]
[374 375 391 390 ]
[375 376 392 391 ]
[376 377 393 392 ]
[377 378 394 393 ]
[378 379 395 394 ]
[379 380 396 395 ]
[380 381 397 396 ]
[381 382 398 397 ]
[382 383 399 398 ]
[383 368 384 399 ]
[384 385 401 400 ]
[385 386 402 401 ]
[386 387 403 402 ]
[387 388 404 403 ]
[388 389 405 404 ]
[389 390 406 405 ]
[390 391 407 406 ]
[391 392 408 407 ]
[392 393 409 408 ]
[393 394 410 409 ]
[394 395 411 410 ]
[395 396 412 411 ]
[396 397 413 412 ]
[397 398 414 413 ]
[398 399 415 414 ]
[399 384 400 415 ]
[400 401 417 416 ]
[401 402 418 417 ]
[402 403 419 418 ]
[403 404 420 419 ]
[404 405 421 420 ]
[405 406 422 421 ]
[406 407 423 422 ]
[407 408 424 423 ]
[408 409 425 424 ]
[409 410 426 425 ]
[410 411 427 426 ]
[411 412 428 427 ]
[412 413 429 428 ]
[413 414 430 429 ]
[414 415 431 430 ]
[415 400 416 431 ]
[416 417 433 432 ]
[417 418 434 433 ]
[418 419 435 434 ]
[419 420 436 435 ]
[420 421 437 436 ]
[421 422 438 437 ]
[422 423 439 438 ]
[423 424 440 439 ]
[424 425 441 440 ]
[425 426 442 441 ]
[426 427 443 442 ]
[427 428 444 443 ]
[428 429 445 444 ]
[429 430 446 445 ]
[430 431 447 446 ]
[431 416 432 447 ]
[432 433 449 448 ]
[433 434 450 449 ]
[434 435 451 450 ]
[435 436 452 451 ]
[436 437 453 452 ]
[437 438 454 453 ]
[438 439 455 454 ]
[439 440 456 455 ]
[440 441 457 456 ]
[441 442 458 457 ]
[442 443 459 458 ]
[443 444 460 459 ]
[444 445 461 460 ]
[445 446 462 461 ]
[446 447 463 462 ]
[447 432 448 463 ]
[448 449 465 464 ]
[449 450 466 465 ]
[450 451 467 466 ]
[451 452 468 467 ]
[452 453 469 468 ]
[453 454 470 469 ]
[454 455 471 470 ]
[455 456 472 471 ]
[456 457 473 472 ]
[457 458 474 473 ]
[458 459 475 474 ]
[459 460 476 475 ]
[460 461 477 476 ]
[461 462 478 477 ]
[462 463 479 478 ]
[463 448 464 479 ]
[464 465 481 480 ]
[465 466 482 481 ]
[466 467 483 482 ]
[467 468 484 483 ]
[468 469 485 484 ]
[469 470 486 485 ]
[470 471 487 486 ]
[471 472 488 487 ]
[472 473 489 488 ]
[473 474 490 489 ]
[474 475 491 490 ]
[475 476 492 491 ]
[476 477 493 492 ]
[477 478 494 493 ]
[478 479 495 494 ]
[479 464 480 495 ]
[480 481 497 496 ]
[481 482 498 497 ]
[482 483 499 498 ]
[483 484 500 499 ]
[484 485 501 500 ]
[485 486 502 501 ]
[486 487 503 502 ]
[487 488 504 503 ]
[488 489 505 504 ]
[489 490 506 505 ]
[490 491 507 506 ]
[491 492 508 507 ]
[492 493 509 508 ]
[493 494 510 509 ]
[494 495 511 510 ]
[495 480 496 511 ]
[496 497 513 512 ]
[497 498 514 513 ]
[498 499 515 514 ]
[499 500 516 515 ]
[500 501 517 516 ]
[501 502 518 517 ]
[502 503 519 518 ]
[503 504 520 519 ]
[504 505 521 520 ]
[505 506 522 521 ]
[506 507 523 522 ]
[507 508 524 523 ]
[508 509 525 524 ]
[509 510 526 525 ]
[510 511 527 526 ]
[511 496 512 527 ]
[512 513 529 528 ]
[513 514 530 529 ]
[514 515 531 530 ]
[515 516 532 531 ]
[516 517 533 532 ]
[517 518 534 533 ]
[518 519 535 534 ]
[519 520 536 535 ]
[520 521 537 536 ]
[521 522 538 537 ]
[522 523 539 538 ]
[523 524 540 539 ]
[524 525 541 540 ]
[525 526 542 541 ]
[526 527 543 542 ]
[527 512 528 543 ]
[528 529 545 544 ]
[529 530 546 545 ]
[530 531 547 546 ]
[531 532 548 547 ]
[532 533 549 548 ]
[533 534 550 549 ]
[534 535 551 550 ]
[535 536 552 551 ]
[536 537 553 552 ]
[537 538 554 553 ]
[538 539 555 554 ]
[539 540 556 555 ]
[540 541 557 556 ]
[541 542 558 557 ]
[542 543 559 558 ]
[543 528 544 559 ]
[544 545 561 560 ]
[545 546 562 561 ]
[546 547 563 562 ]
[547 548 564 563 ]
[548 549 565 564 ]
[549 550 566 565 ]
[550 551 567 566 ]
[551 552 568 567 ]
[552 553 569 568 ]
[553 554 570 569 ]
[554 555 571 570 ]
[555 556 572 571 ]
[556 557 573 572 ]
[557 558 574 573 ]
[558 559 575 574 ]
[559 544 560 575 ]
[560 561 577 576 ]
[561 562 578 577 ]
[562 563 579 578 ]
[563 564 580 579 ]
[564 565 581 580 ]
[565 566 582 581 ]
[566 567 583 582 ]
[567 568 584 583 ]
[568 569 585 584 ]
[569 570 586 585 ]
[570 571 587 586 ]
[571 572 588 587 ]
[572 573 589 588 ]
[573 574 590 589 ]
[574 575 591 590 ]
[575 560 576 591 ]
[576 577 593 592 ]
[577 578 594 593 ]
[578 579 595 594 ]
[579 580 596 595 ]
[580 581 597 596 ]
[581 582 598 597 ]
[582 583 599 598 ]
[583 584 600 599 ]
[584 585 601 600 ]
[585 586 602 601 ]
[586 587 603 602 ]
[587 588 604 603 ]
[588 589 605 604 ]
[589 590 606 605 ]
[590 591 607 606 ]
[591 576 592 607 ]
[592 593 609 608 ]
[593 594 610 609 ]
[594 595 611 610 ]
[595 596 612 611 ]
[596 597 613 612 ]
[597 598 614 613 ]
[598 599 615 614 ]
[599 600 616 615 ]
[600 601 617 616 ]
[601 602 618 617 ]
[602 603 619 618 ]
[603 604 620 619 ]
[604 605 621 620 ]
[605 606 622 621 ]
[606 607 623 622 ]
[607 592 608 623 ]
[608 609 625 624 ]
[609 610 626 625 ]
[610 611 627 626 ]
[611 612 628 627 ]
[612 613 629 628 ]
[613 614 630 629 ]
[614 615 631 630 ]
[615 616 632 631 ]
[616 617 633 632 ]
[617 618 634 633 ]
[618 619 635 634 ]
[619 620 636 635 ]
[620 621 637 636 ]
[621 622 638 637 ]
[622 623 639 638 ]
[623 608 624 639 ]
[624 625 641 640 ]
[625 626 642 641 ]
[626 627 643 642 ]
[627 628 644 643 ]
[628 629 645 644 ]
[629 630 646 645 ]
[630 631 647 646 ]
[631 632 648 647 ]
[632 633 649 648 ]
[633 634 650 649 ]
[634 635 651 650 ]
[635 636 652 651 ]
[636 637 653 652 ]
[637 638 654 653 ]
[638 639 655 654 ]
[639 624 640 655 ]
[640 641 657 656 ]
[641 642 658 657 ]
[642 643 659 658 ]
[643 644 660 659 ]
[644 645 661 660 ]
[645 646 662 661 ]
[646 647 663 662 ]
[647 648 664 663 ]
[648 649 665 664 ]
[649 650 666 665 ]
[650 651 667 666 ]
[651 652 668 667 ]
[652 653 669 668 ]
[653 654 670 669 ]
[654 655 671 670 ]
[655 640 656 671 ]
[656 657 673 672 ]
[657 658 674 673 ]
[658 659 675 674 ]
[659 660 676 675 ]
[660 661 677 676 ]
[661 662 678 677 ]
[662 663 679 678 ]
[663 664 680 679 ]
[664 665 681 680 ]
[665 666 682 681 ]
[666 667 683 682 ]
[667 668 684 683 ]
[668 669 685 684 ]
[669 670 686 685 ]
[670 671 687 686 ]
[671 656 672 687 ]
[672 673 689 688 ]
[673 674 690 689 ]
[674 675 691 690 ]
[675 676 692 691 ]
[676 677 693 692 ]
[677 678 694 693 ]
[678 679 695 694 ]
[679 680 696 695 ]
[680 681 697 696 ]
[681 682 698 697 ]
[682 683 699 698 ]
[683 684 700 699 ]
[684 685 701 700 ]
[685 686 702 701 ]
[686 687 703 702 ]
[687 672 688 703 ]
[688 689 705 704 ]
[689 690 706 705 ]
[690 691 707 706 ]
[691 692 708 707 ]
[692 693 709 708 ]
[693 694 710 709 ]
[694 695 711 710 ]
[695 696 712 711 ]
[696 697 713 712 ]
[697 698 714 713 ]
[698 699 715 714 ]
[699 700 716 715 ]
[700 701 717 716 ]
[701 702 718 717 ]
[702 703 719 718 ]
[703 688 704 719 ]
[704 705 721 720 ]
[705 706 722 721 ]
[706 707 723 722 ]
[707 708 724 723 ]
[708 709 725 724 ]
[709 710 726 725 ]
[710 711 727 726 ]
[711 712 728 727 ]
[712 713 729 728 ]
[713 714 730 729 ]
[714 715 731 730 ]
[715 716 732 731 ]
[716 717 733 732 ]
[717 718 734 733 ]
[718 719 735 734 ]
[719 704 720 735 ]
[720 721 737 736 ]
[721 722 738 737 ]
[722 723 739 738 ]
[723 724 740 739 ]
[724 725 741 740 ]
[725 726 742 741 ]
[726 727 743 742 ]
[727 728 744 743 ]
[728 729 745 744 ]
[729 730 746 745 ]
[730 731 747 746 ]
[731 732 748 747 ]
[732 733 749 748 ]
[733 734 750 749 ]
[734 735 751 750 ]
[735 720 736 751 ]
[736 737 753 752 ]
[737 738 754 753 ]
[738 739 755 754 ]
[739 740 756 755 ]
[740 741 757 756 ]
[741 742 758 757 ]
[742 743 759 758 ]
[743 744 760 759 ]
[744 745 761 760 ]
[745 746 762 761 ]
[746 747 763 762 ]
[747 748 764 763 ]
[748 749 765 764 ]
[749 750 766 765 ]
[750 751 767 766 ]
[751 736 752 767 ]
[752 753 769 768 ]
[753 754 770 769 ]
[754 755 771 770 ]
[755 756 772 771 ]
[756 757 773 772 ]
[757 758 774 773 ]
[758 759 775 774 ]
[759 760 776 775 ]
[760 761 777 776 ]
[761 762 778 777 ]
[762 763 779 778 ]
[763 764 780 779 ]
[764 765 781 780 ]
[765 766 782 781 ]
[766 767 783 782 ]
[767 752 768 783 ]
[768 769 785 784 ]
[769 770 786 785 ]
[770 771 787 786 ]
[771 772 788 787 ]
[772 773 789 788 ]
[773 774 790 789 ]
[774 775 791 790 ]
[775 776 792 791 ]
[776 777 793 792 ]
[777 778 794 793 ]
[778 779 795 794 ]
[779 780 796 795 ]
[780 781 797 796 ]
[781 782 798 797 ]
[782 783 799 798 ]
[783 768 784 799 ]
[784 785 801 800 ]
[785 786 802 801 ]
[786 787 803 802 ]
[787 788 804 803 ]
[788 789 805 804 ]
[789 790 806 805 ]
[790 791 807 806 ]
[791 792 808 807 ]
[792 793 809 808 ]
[793 794 810 809 ]
[794 795 811 810 ]
[795 796 812 811 ]
[796 797 813 812 ]
[797 798 814 813 ]
[798 799 815 814 ]
[799 784 800 815 ]
[800 801 817 816 ]
[801 802 818 817 ]
[802 803 819 818 ]
[803 804 820 819 ]
[804 805 821 820 ]
[805 806 822 821 ]
[806 807 823 822 ]
[807 808 824 823 ]
[808 809 825 824 ]
[809 810 826 825 ]
[810 811 827 826 ]
[811 812 828 827 ]
[812 813 829 828 ]
[813 814 830 829 ]
[814 815 831 830 ]
[815 800 816 831 ]
[816 817 833 832 ]
[817 818 834 833 ]
[818 819 835 834 ]
[819 820 836 835 ]
[820 821 837 836 ]
[821 822 838 837 ]
[822 823 839 838 ]
[823 824 840 839 ]
[824 825 841 840 ]
[825 826 842 841 ]
[826 827 843 842 ]
[827 828 844 843 ]
[828 829 845 844 ]
[829 830 846 845 ]
[830 831 847 846 ]
[831 816 832 847 ]
[832 833 849 848 ]
[833 834 850 849 ]
[834 835 851 850 ]
[835 836 852 851 ]
[836 837 853 852 ]
[837 838 854 853 ]
[838 839 855 854 ]
[839 840 856 855 ]
[840 841 857 856 ]
[841 842 858 857 ]
[842 843 859 858 ]
[843 844 860 859 ]
[844 845 861 860 ]
[845 846 862 861 ]
[846 847 863 862 ]
[847 832 848 863 ]
[848 849 865 864 ]
[849 850 866 865 ]
[850 851 867 866 ]
[851 852 868 867 ]
[852 853 869 868 ]
[853 854 870 869 ]
[854 855 871 870 ]
[855 856 872 871 ]
[856 857 873 872 ]
[857 858 874 873 ]
[858 859 875 874 ]
[859 860 876 875 ]
[860 861 877 876 ]
[861 862 878 877 ]
[862 863 879 878 ]
[863 848 864 879 ]
[864 865 881 880 ]
[865 866 882 881 ]
[866 867 883 882 ]
[867 868 884 883 ]
[868 869 885 884 ]
[869 870 886 885 ]
[870 871 887 886 ]
[871 872 888 887 ]
[872 873 889 888 ]
[873 874 890 889 ]
[874 875 891 890 ]
[875 876 892 891 ]
[876 877 893 892 ]
[877 878 894 893 ]
[878 879 895 894 ]
[879 864 880 895 ]
[880 881 897 896 ]
[881 882 898 897 ]
[882 883 899 898 ]
[883 884 900 899 ]
[884 885 901 900 ]
[885 886 902 901 ]
[886 887 903 902 ]
[887 888 904 903 ]
[888 889 905 904 ]
[889 890 906 905 ]
[890 891 907 906 ]
[891 892 908 907 ]
[892 893 909 908 ]
[893 894 910 909 ]
[894 895 911 910 ]
[895 880 896 911 ]
[896 897 913 912 ]
[897 898 914 913 ]
[898 899 915 914 ]
[899 900 916 915 ]
[900 901 917 916 ]
[901 902 918 917 ]
[902 903 919 918 ]
[903 904 920 919 ]
[904 905 921 920 ]
[905 906 922 921 ]
[906 907 923 922 ]
[907 908 924 923 ]
[908 909 925 924 ]
[909 910 926 925 ]
[910 911 927 926 ]
[911 896 912 927 ]
[912 913 929 928 ]
[913 914 930 929 ]
[914 915 931 930 ]
[915 916 932 931 ]
[916 917 933 932 ]
[917 918 934 933 ]
[918 919 935 934 ]
[919 920 936 935 ]
[920 921 937 936 ]
[921 922 938 937 ]
[922 923 939 938 ]
[923 924 940 939 ]
[924 925 941 940 ]
[925 926 942 941 ]
[926 927 943 942 ]
[927 912 928 943 ]
[928 929 945 944 ]
[929 930 946 945 ]
[930 931 947 946 ]
[931 932 948 947 ]
[932 933 949 948 ]
[933 934 950 949 ]
[934 935 951 950 ]
[935 936 952 951 ]
[936 937 953 952 ]
[937 938 954 953 ]
[938 939 955 954 ]
[939 940 956 955 ]
[940 941 957 956 ]
[941 942 958 957 ]
[942 943 959 958 ]
[943 928 944 959 ]
[944 945 961 960 ]
[945 946 962 961 ]
[946 947 963 962 ]
[947 948 964 963 ]
[948 949 965 964 ]
[949 950 966 965 ]
[950 951 967 966 ]
[951 952 968 967 ]
[952 953 969 968 ]
[953 954 970 969 ]
[954 955 971 970 ]
[955 956 972 971 ]
[956 957 973 972 ]
[957 958 974 973 ]
[958 959 975 974 ]
[959 944 960 975 ]
[960 961 977 976 ]
[961 962 978 977 ]
[962 963 979 978 ]
[963 964 980 979 ]
[964 965 981 980 ]
[965 966 982 981 ]
[966 967 983 982 ]
[967 968 984 983 ]
[968 969 985 984 ]
[969 970 986 985 ]
[970 971 987 986 ]
[971 972 988 987 ]
[972 973 989 988 ]
[973 974 990 989 ]
[974 975 991 990 ]
[975 960 976 991 ]
[976 977 993 992 ]
[977 978 994 993 ]
[978 979 995 994 ]
[979 980 996 995 ]
[980 981 997 996 ]
[981 982 998 997 ]
[982 983 999 998 ]
[983 984 1000 999 ]
[984 985 1001 1000 ]
[985 986 1002 1001 ]
[986 987 1003 1002 ]
[987 988 1004 1003 ]
[988 989 1005 1004 ]
[989 990 1006 1005 ]
[990 991 1007 1006 ]
[991 976 992 1007 ]
[992 993 1009 1008 ]
[993 994 1010 1009 ]
[994 995 1011 1010 ]
[995 996 1012 1011 ]
[996 997 1013 1012 ]
[997 998 1014 1013 ]
[998 999 1015 1014 ]
[999 1000 1016 1015 ]
[1000 1001 1017 1016 ]
[1001 1002 1018 1017 ]
[1002 1003 1019 1018 ]
[1003 1004 1020 1019 ]
[1004 1005 1021 1020 ]
[1005 1006 1022 1021 ]
[1006 1007 1023 1022 ]
[1007 992 1008 1023 ]
[1008 1009 1025 1024 ]
[1009 1010 1026 1025 ]
[1010 1011 1027 1026 ]
[1011 1012 1028 1027 ]
[1012 1013 1029 1028 ]
[1013 1014 1030 1029 ]
[1014 1015 1031 1030 ]
[1015 1016 1032 1031 ]
[1016 1017 1033 1032 ]
[1017 1018 1034 1033 ]
[1018 1019 1035 1034 ]
[1019 1020 1036 1035 ]
[1020 1021 1037 1036 ]
[1021 1022 1038 1037 ]
[1022 1023 1039 1038 ]
[1023 1008 1024 1039 ]
[1024 1025 1041 1040 ]
[1025 1026 1042 1041 ]
[1026 1027 1043 1042 ]
[1027 1028 1044 1043 ]
[1028 1029 1045 1044 ]
[1029 1030 1046 1045 ]
[1030 1031 1047 1046 ]
[1031 1032 1048 1047 ]
[1032 1033 1049 1048 ]
[1033 1034 1050 1049 ]
[1034 1035 1051 1050 ]
[1035 1036 1052 1051 ]
[1036 1037 1053 1052 ]
[1037 1038 1054 1053 ]
[1038 1039 1055 1054 ]
[1039 1024 1040 1055 ]
[1040 1041 1057 1056 ]
[1041 1042 1058 1057 ]
[1042 1043 1059 1058 ]
[1043 1044 1060 1059 ]
[1044 1045 1061 1060 ]
[1045 1046 1062 1061 ]
[1046 1047 1063 1062 ]
[1047 1048 1064 1063 ]
[1048 1049 1065 1064 ]
[1049 1050 1066 1065 ]
[1050 1051 1067 1066 ]
[1051 1052 1068 1067 ]
[1052 1053 1069 1068 ]
[1053 1054 1070 1069 ]
[1054 1055 1071 1070 ]
[1055 1040 1056 1071 ]
[1056 1057 1073 1072 ]
[1057 1058 1074 1073 ]
[1058 1059 1075 1074 ]
[1059 1060 1076 1075 ]
[1060 1061 1077 1076 ]
[1061 1062 1078 1077 ]
[1062 1063 1079 1078 ]
[1063 1064 1080 1079 ]
[1064 1065 1081 1080 ]
[1065 1066 1082 1081 ]
[1066 1067 1083 1082 ]
[1067 1068 1084 1083 ]
[1068 1069 1085 1084 ]
[1069 1070 1086 1085 ]
[1070 1071 1087 1086 ]
[1071 1056 1072 1087 ]
[1072 1073 1089 1088 ]
[1073 1074 1090 1089 ]
[1074 1075 1091 1090 ]
[1075 1076 1092 1091 ]
[1076 1077 1093 1092 ]
[1077 1078 1094 1093 ]
[1078 1079 1095 1094 ]
[1079 1080 1096 1095 ]
[1080 1081 1097 1096 ]
[1081 1082 1098 1097 ]
[1082 1083 1099 1098 ]
[1083 1084 1100 1099 ]
[1084 1085 1101 1100 ]
[1085 1086 1102 1101 ]
[1086 1087 1103 1102 ]
[1087 1072 1088 1103 ]
[1088 1089 1105 1104 ]
[1089 1090 1106 1105 ]
[1090 1091 1107 1106 ]
[1091 1092 1108 1107 ]
[1092 1093 1109 1108 ]
[1093 1094 1110 1109 ]
[1094 1095 1111 1110 ]
[1095 1096 1112 1111 ]
[1096 1097 1113 1112 ]
[1097 1098 1114 1113 ]
[1098 1099 1115 1114 ]
[1099 1100 1116 1115 ]
[1100 1101 1117 1116 ]
[1101 1102 1118 1117 ]
[1102 1103 1119 1118 ]
[1103 1088 1104 1119 ]
[1104 1105 1121 1120 ]
[1105 1106 1122 1121 ]
[1106 1107 1123 1122 ]
[1107 1108 1124 1123 ]
[1108 1109 1125 1124 ]
[1109 1110 1126 1125 ]
[1110 1111 1127 1126 ]
[1111 1112 1128 1127 ]
[1112 1113 1129 1128 ]
[1113 1114 1130 1129 ]
[1114 1115 1131 1130 ]
[1115 1116 1132 1131 ]
[1116 1117 1133 1132 ]
[1117 1118 1134 1133 ]
[1118 1119 1135 1134 ]
[1119 1104 1120 1135 ]
[1137 1136 1152 1153 ]
[1138 1137 1153 1154 ]
[1139 1138 1154 1155 ]
[1140 1139 1155 1156 ]
[1141 1140 1156 1157 ]
[1142 1141 1157 1158 ]
[1143 1142 1158 1159 ]
[1144 1143 1159 1160 ]
[1145 1144 1160 1161 ]
[1146 1145 1161 1162 ]
[1147 1146 1162 1163 ]
[1148 1147 1163 1164 ]
[1149 1148 1164 1165 ]
[1150 1149 1165 1166 ]
[1151 1150 1166 1167 ]
[1136 1151 1167 1152 ]
[1153 1152 1168 1169 ]
[1154 1153 1169 1170 ]
[1155 1154 1170 1171 ]
[1156 1155 1171 1172 ]
[1157 1156 1172 1173 ]
[1158 1157 1173 1174 ]
[1159 1158 1174 1175 ]
[1160 1159 1175 1176 ]
[1161 1160 1176 1177 ]
[1162 1161 1177 1178 ]
[1163 1162 1178 1179 ]
[1164 1163 1179 1180 ]
[1165 1164 1180 1181 ]
[1166 1165 1181 1182 ]
[1167 1166 1182 1183 ]
[1152 1167 1183 1168 ]
[1169 1168 1184 1185 ]
[1170 1169 1185 1186 ]
[1171 1170 1186 1187 ]
[1172 1171 1187 1188 ]
[1173 1172 1188 1189 ]
[1174 1173 1189 1190 ]
[1175 1174 1190 1191 ]
[1176 1175 1191 1192 ]
[1177 1176 1192 1193 ]
[1178 1177 1193 1194 ]
[1179 1178 1194 1195 ]
[1180 1179 1195 1196 ]
[1181 1180 1196 1197 ]
[1182 1181 1197 1198 ]
[1183 1182 1198 1199 ]
[1168 1183 1199 1184 ]
[1185 1184 1200 1201 ]
[1186 1185 1201 1202 ]
[1187 1186 1202 1203 ]
[1188 1187 1203 1204 ]
[1189 1188 1204 1205 ]
[1190 1189 1205 1206 ]
[1191 1190 1206 1207 ]
[1192 1191 1207 1208 ]
[1193 1192 1208 1209 ]
[1194 1193 1209 1210 ]
[1195 1194 1210 1211 ]
[1196 1195 1211 1212 ]
[1197 1196 1212 1213 ]
[1198 1197 1213 1214 ]
[1199 1198 1214 1215 ]
[1184 1199 1215 1200 ]
[1201 1200 1216 1217 ]
[1202 1201 1217 1218 ]
[1203 1202 1218 1219 ]
[1204 1203 1219 1220 ]
[1205 1204 1220 1221 ]
[1206 1205 1221 1222 ]
[1207 1206 1222 1223 ]
[1208 1207 1223 1224 ]
[1209 1208 1224 1225 ]
[1210 1209 1225 1226 ]
[1211 1210 1226 1227 ]
[1212 1211 1227 1228 ]
[1213 1212 1228 1229 ]
[1214 1213 1229 1230 ]
[1215 1214 1230 1231 ]
[1200 1215 1231 1216 ]
[1217 1216 1232 1233 ]
[1218 1217 1233 1234 ]
[1219 1218 1234 1235 ]
[1220 1219 1235 1236 ]
[1221 1220 1236 1237 ]
[1222 1221 1237 1238 ]
[1223 1222 1238 1239 ]
[1224 1223 1239 1240 ]
[1225 1224 1240 1241 ]
[1226 1225 1241 1242 ]
[1227 1226 1242 1243 ]
[1228 1227 1243 1244 ]
[1229 1228 1244 1245 ]
[1230 1229 1245 1246 ]
[1231 1230 1246 1247 ]
[1216 1231 1247 1232 ]
[1233 1232 1248 1249 ]
[1234 1233 1249 1250 ]
[1235 1234 1250 1251 ]
[1236 1235 1251 1252 ]
[1237 1236 1252 1253 ]
[1238 1237 1253 1254 ]
[1239 1238 1254 1255 ]
[1240 1239 1255 1256 ]
[1241 1240 1256 1257 ]
[1242 1241 1257 1258 ]
[1243 1242 1258 1259 ]
[1244 1243 1259 1260 ]
[1245 1244 1260 1261 ]
[1246 1245 1261 1262 ]
[1247 1246 1262 1263 ]
[1232 1247 1263 1248 ]
[1249 1248 1264 1265 ]
[1250 1249 1265 1266 ]
[1251 1250 1266 1267 ]
[1252 1251 1267 1268 ]
[1253 1252 1268 1269 ]
[1254 1253 1269 1270 ]
[1255 1254 1270 1271 ]
[1256 1255 1271 1272 ]
[1257 1256 1272 1273 ]
[1258 1257 1273 1274 ]
[1259 1258 1274 1275 ]
[1260 1259 1275 1276 ]
[1261 1260 1276 1277 ]
[1262 1261 1277 1278 ]
[1263 1262 1278 1279 ]
[1248 1263 1279 1264 ]
[1265 1264 1280 1281 ]
[1266 1265 1281 1282 ]
[1267 1266 1282 1283 ]
[1268 1267 1283 1284 ]
[1269 1268 1284 1285 ]
[1270 1269 1285 1286 ]
[1271 1270 1286 1287 ]
[1272 1271 1287 1288 ]
[1273 1272 1288 1289 ]
[1274 1273 1289 1290 ]
[1275 1274 1290 1291 ]
[1276 1275 1291 1292 ]
[1277 1276 1292 1293 ]
[1278 1277 1293 1294 ]
[1279 1278 1294 1295 ]
[1264 1279 1295 1280 ]
[1281 1280 1296 1297 ]
[1282 1281 1297 1298 ]
[1283 1282 1298 1299 ]
[1284 1283 1299 1300 ]
[1285 1284 1300 1301 ]
[1286 1285 1301 1302 ]
[1287 1286 1302 1303 ]
[1288 1287 1303 1304 ]
[1289 1288 1304 1305 ]
[1290 1289 1305 1306 ]
[1291 1290 1306 1307 ]
[1292 1291 1307 1308 ]
[1293 1292 1308 1309 ]
[1294 1293 1309 1310 ]
[1295 1294 1310 1311 ]
[1280 1295 1311 1296 ]
[1297 1296 1312 1313 ]
[1298 1297 1313 1314 ]
[1299 1298 1314 1315 ]
[1300 1299 1315 1316 ]
[1301 1300 1316 1317 ]
[1302 1301 1317 1318 ]
[1303 1302 1318 1319 ]
[1304 1303 1319 1320 ]
[1305 1304 1320 1321 ]
[1306 1305 1321 1322 ]
[1307 1306 1322 1323 ]
[1308 1307 1323 1324 ]
[1309 1308 1324 1325 ]
[1310 1309 1325 1326 ]
[1311 1310 1326 1327 ]
[1296 1311 1327 1312 ]
[1313 1312 1328 1329 ]
[1314 1313 1329 1330 ]
[1315 1314 1330 1331 ]
[1316 1315 1331 1332 ]
[1317 1316 1332 1333 ]
[1318 1317 1333 1334 ]
[1319 1318 1334 1335 ]
[1320 1319 1335 1336 ]
[1321 1320 1336 1337 ]
[1322 1321 1337 1338 ]
[1323 1322 1338 1339 ]
[1324 1323 1339 1340 ]
[1325 1324 1340 1341 ]
[1326 1325 1341 1342 ]
[1327 1326 1342 1343 ]
[1312 1327 1343 1328 ]
[1329 1328 1344 1345 ]
[1330 1329 1345 1346 ]
[1331 1330 1346 1347 ]
[1332 1331 1347 1348 ]
[1333 1332 1348 1349 ]
[1334 1333 1349 1350 ]
[1335 1334 1350 1351 ]
[1336 1335 1351 1352 ]
[1337 1336 1352 1353 ]
[1338 1337 1353 1354 ]
[1339 1338 1354 1355 ]
[1340 1339 1355 1356 ]
[1341 1340 1356 1357 ]
[1342 1341 1357 1358 ]
[1343 1342 1358 1359 ]
[1328 1343 1359 1344 ]
[1345 1344 1360 1361 ]
[1346 1345 1361 1362 ]
[1347 1346 1362 1363 ]
[1348 1347 1363 1364 ]
[1349 1348 1364 1365 ]
[1350 1349 1365 1366 ]
[1351 1350 1366 1367 ]
[1352 1351 1367 1368 ]
[1353 1352 1368 1369 ]
[1354 1353 1369 1370 ]
[1355 1354 1370 1371 ]
[1356 1355 1371 1372 ]
[1357 1356 1372 1373 ]
[1358 1357 1373 1374 ]
[1359 1358 1374 1375 ]
[1344 1359 1375 1360 ]
[1361 1360 1376 1377 ]
[1362 1361 1377 1378 ]
[1363 1362 1378 1379 ]
[1364 1363 1379 1380 ]
[1365 1364 1380 1381 ]
[1366 1365 1381 1382 ]
[1367 1366 1382 1383 ]
[1368 1367 1383 1384 ]
[1369 1368 1384 1385 ]
[1370 1369 1385 1386 ]
[1371 1370 1386 1387 ]
[1372 1371 1387 1388 ]
[1373 1372 1388 1389 ]
[1374 1373 1389 1390 ]
[1375 1374 1390 1391 ]
[1360 1375 1391 1376 ]
[1377 1376 1392 1393 ]
[1378 1377 1393 1394 ]
[1379 1378 1394 1395 ]
[1380 1379 1395 1396 ]
[1381 1380 1396 1397 ]
[1382 1381 1397 1398 ]
[1383 1382 1398 1399 ]
[1384 1383 1399 1400 ]
[1385 1384 1400 1401 ]
[1386 1385 1401 1402 ]
[1387 1386 1402 1403 ]
[1388 1387 1403 1404 ]
[1389 1388 1404 1405 ]
[1390 1389 1405 1406 ]
[1391 1390 1406 1407 ]
[1376 1391 1407 1392 ]
[1393 1392 1408 1409 ]
[1394 1393 1409 1410 ]
[1395 1394 1410 1411 ]
[1396 1395 1411 1412 ]
[1397 1396 1412 1413 ]
[1398 1397 1413 1414 ]
[1399 1398 1414 1415 ]
[1400 1399 1415 1416 ]
[1401 1400 1416 1417 ]
[1402 1401 1417 1418 ]
[1403 1402 1418 1419 ]
[1404 1403 1419 1420 ]
[1405 1404 1420 1421 ]
[1406 1405 1421 1422 ]
[1407 1406 1422 1423 ]
[1392 1407 1423 1408 ]
[1409 1408 1424 1425 ]
[1410 1409 1425 1426 ]
[1411 1410 1426 1427 ]
[1412 1411 1427 1428 ]
[1413 1412 1428 1429 ]
[1414 1413 1429 1430 ]
[1415 1414 1430 1431 ]
[1416 1415 1431 1432 ]
[1417 1416 1432 1433 ]
[1418 1417 1433 1434 ]
[1419 1418 1434 1435 ]
[1420 1419 1435 1436 ]
[1421 1420 1436 1437 ]
[1422 1421 1437 1438 ]
[1423 1422 1438 1439 ]
[1408 1423 1439 1424 ]
[1153 1152 1136 1137 ]
[1154 1153 1137 1138 ]
[1155 1154 1138 1139 ]
[1156 1155 1139 1140 ]
[1157 1156 1140 1141 ]
[1158 1157 1141 1142 ]
[1159 1158 1142 1143 ]
[1160 1159 1143 1144 ]
[1161 1160 1144 1145 ]
[1162 1161 1145 1146 ]
[1163 1162 1146 1147 ]
[1164 1163 1147 1148 ]
[1165 1164 1148 1149 ]
[1166 1165 1149 1150 ]
[1167 1166 1150 1151 ]
[1152 1167 1151 1136 ]
[1169 1168 1152 1153 ]
[1170 1169 1153 1154 ]
[1171 1170 1154 1155 ]
[1172 1171 1155 1156 ]
[1173 1172 1156 1157 ]
[1174 1173 1157 1158 ]
[1175 1174 1158 1159 ]
[1176 1175 1159 1160 ]
[1177 1176 1160 1161 ]
[1178 1177 1161 1162 ]
[1179 1178 1162 1163 ]
[1180 1179 1163 1164 ]
[1181 1180 1164 1165 ]
[1182 1181 1165 1166 ]
[1183 1182 1166 1167 ]
[1168 1183 1167 1152 ]
[1185 1184 1168 1169 ]
[1186 1185 1169 1170 ]
[1187 1186 1170 1171 ]
[1188 1187 1171 1172 ]
[1189 1188 1172 1173 ]
[1190 1189 1173 1174 ]
[1191 1190 1174 1175 ]
[1192 1191 1175 1176 ]
[1193 1192 1176 1177 ]
[1194 1193 1177 1178 ]
[1195 1194 1178 1179 ]
[1196 1195 1179 1180 ]
[1197 1196 1180 1181 ]
[1198 1197 1181 1182 ]
[1199 1198 1182 1183 ]
[1184 1199 1183 1168 ]
[1201 1200 1184 1185 ]
[1202 1201 1185 1186 ]
[1203 1202 1186 1187 ]
[1204 1203 1187 1188 ]
[1205 1204 1188 1189 ]
[1206 1205 1189 1190 ]
[1207 1206 1190 1191 ]
[1208 1207 1191 1192 ]
[1209 1208 1192 1193 ]
[1210 1209 1193 1194 ]
[1211 1210 1194 1195 ]
[1212 1211 1195 1196 ]
[1213 1212 1196 1197 ]
[1214 1213 1197 1198 ]
[1215 1214 1198 1199 ]
[1200 1215 1199 1184 ]
[1217 1216 1200 1201 ]
[1218 1217 1201 1202 ]
[1219 1218 1202 1203 ]
[1220 1219 1203 1204 ]
[1221 1220 1204 1205 ]
[1222 1221 1205 1206 ]
[1223 1222 1206 1207 ]
[1224 1223 1207 1208 ]
[1225 1224 1208 1209 ]
[1226 1225 1209 1210 ]
[1227 1226 1210 1211 ]
[1228 1227 1211 1212 ]
[1229 1228 1212 1213 ]
[1230 1229 1213 1214 ]
[1231 1230 1214 1215 ]
[1216 1231 1215 1200 ]
[1233 1232 1216 1217 ]
[1234 1233 1217 1218 ]
[1235 1234 1218 1219 ]
[1236 1235 1219 1220 ]
[1237 1236 1220 1221 ]
[1238 1237 1221 1222 ]
[1239 1238 1222 1223 ]
[1240 1239 1223 1224 ]
[1241 1240 1224 1225 ]
[1242 1241 1225 1226 ]
[1243 1242 1226 1227 ]
[1244 1243 1227 1228 ]
[1245 1244 1228 1229 ]
[1246 1245 1229 1230 ]
[1247 1246 1230 1231 ]
[1232 1247 1231 1216 ]
[1249 1248 1232 1233 ]
[1250 1249 1233 1234 ]
[1251 1250 1234 1235 ]
[1252 1251 1235 1236 ]
[1253 1252 1236 1237 ]
[1254 1253 1237 1238 ]
[1255 1254 1238 1239 ]
[1256 1255 1239 1240 ]
[1257 1256 1240 1241 ]
[1258 1257 1241 1242 ]
[1259 1258 1242 1243 ]
[1260 1259 1243 1244 ]
[1261 1260 1244 1245 ]
[1262 1261 1245 1246 ]
[1263 1262 1246 1247 ]
[1248 1263 1247 1232 ]
[1265 1264 1248 1249 ]
[1266 1265 1249 1250 ]
[1267 1266 1250 1251 ]
[1268 1267 1251 1252 ]
[1269 1268 1252 1253 ]
[1270 1269 1253 1254 ]
[1271 1270 1254 1255 ]
[1272 1271 1255 1256 ]
[1273 1272 1256 1257 ]
[1274 1273 1257 1258 ]
[1275 1274 1258 1259 ]
[1276 1275 1259 1260 ]
[1277 1276 1260 1261 ]
[1278 1277 1261 1262 ]
[1279 1278 1262 1263 ]
[1264 1279 1263 1248 ]
[1281 1280 1264 1265 ]
[1282 1281 1265 1266 ]
[1283 1282 1266 1267 ]
[1284 1283 1267 1268 ]
[1285 1284 1268 1269 ]
[1286 1285 1269 1270 ]
[1287 1286 1270 1271 ]
[1288 1287 1271 1272 ]
[1289 1288 1272 1273 ]
[1290 1289 1273 1274 ]
[1291 1290 1274 1275 ]
[1292 1291 1275 1276 ]
[1293 1292 1276 1277 ]
[1294 1293 1277 1278 ]
[1295 1294 1278 1279 ]
[1280 1295 1279 1264 ]
[1297 1296 1280 1281 ]
[1298 1297 1281 1282 ]
[1299 1298 1282 1283 ]
[1300 1299 1283 1284 ]
[1301 1300 1284 1285 ]
[1302 1301 1285 1286 ]
[1303 1302 1286 1287 ]
[1304 1303 1287 1288 ]
[1305 1304 1288 1289 ]
[1306 1305 1289 1290 ]
[1307 1306 1290 1291 ]
[1308 1307 1291 1292 ]
[1309 1308 1292 1293 ]
[1310 1309 1293 1294 ]
[1311 1310 1294 1295 ]
[1296 1311 1295 1280 ]
[1313 1312 1296 1297 ]
[1314 1313 1297 1298 ]
[1315 1314 1298 1299 ]
[1316 1315 1299 1300 ]
[1317 1316 1300 1301 ]
[1318 1317 1301 1302 ]
[1319 1318 1302 1303 ]
[1320 1319 1303 1304 ]
[1321 1320 1304 1305 ]
[1322 1321 1305 1306 ]
[1323 1322 1306 1307 ]
[1324 1323 1307 1308 ]
[1325 1324 1308 1309 ]
[1326 1325 1309 1310 ]
[1327 1326 1310 1311 ]
[1312 1327 1311 1296 ]
[1329 1328 1312 1313 ]
[1330 1329 1313 1314 ]
[1331 1330 1314 1315 ]
[1332 1331 1315 1316 ]
[1333 1332 1316 1317 ]
[1334 1333 1317 1318 ]
[1335 1334 1318 1319 ]
[1336 1335 1319 1320 ]
[1337 1336 1320 1321 ]
[1338 1337 1321 1322 ]
[1339 1338 1322 1323 ]
[1340 1339 1323 1324 ]
[1341 1340 1324 1325 ]
[1342 1341 1325 1326 ]
[1343 1342 1326 1327 ]
[1328 1343 1327 1312 ]
[1345 1344 1328 1329 ]
[1346 1345 1329 1330 ]
[1347 1346 1330 1331 ]
[1348 1347 1331 1332 ]
[1349 1348 1332 1333 ]
[1350 1349 1333 1334 ]
[1351 1350 1334 1335 ]
[1352 1351 1335 1336 ]
[1353 1352 1336 1337 ]
[1354 1353 1337 1338 ]
[1355 1354 1338 1339 ]
[1356 1355 1339 1340 ]
[1357 1356 1340 1341 ]
[1358 1357 1341 1342 ]
[1359 1358 1342 1343 ]
[1344 1359 1343 1328 ]
[1361 1360 1344 1345 ]
[1362 1361 1345 1346 ]
[1363 1362 1346 1347 ]
[1364 1363 1347 1348 ]
[1365 1364 1348 1349 ]
[1366 1365 1349 1350 ]
[1367 1366 1350 1351 ]
[1368 1367 1351 1352 ]
[1369 1368 1352 1353 ]
[1370 1369 1353 1354 ]
[1371 1370 1354 1355 ]
[1372 1371 1355 1356 ]
[1373 1372 1356 1357 ]
[1374 1373 1357 1358 ]
[1375 1374 1358 1359 ]
[1360 1375 1359 1344 ]
[1377 1376 1360 1361 ]
[1378 1377 1361 1362 ]
[1379 1378 1362 1363 ]
[1380 1379 1363 1364 ]
[1381 1380 1364 1365 ]
[1382 1381 1365 1366 ]
[1383 1382 1366 1367 ]
[1384 1383 1367 1368 ]
[1385 1384 1368 1369 ]
[1386 1385 1369 1370 ]
[1387 1386 1370 1371 ]
[1388 1387 1371 1372 ]
[1389 1388 1372 1373 ]
[1390 1389 1373 1374 ]
[1391 1390 1374 1375 ]
[1376 1391 1375 1360 ]
[1393 1392 1376 1377 ]
[1394 1393 1377 1378 ]
[1395 1394 1378 1379 ]
[1396 1395 1379 1380 ]
[1397 1396 1380 1381 ]
[1398 1397 1381 1382 ]
[1399 1398 1382 1383 ]
[1400 1399 1383 1384 ]
[1401 1400 1384 1385 ]
[1402 1401 1385 1386 ]
[1403 1402 1386 1387 ]
[1404 1403 1387 1388 ]
[1405 1404 1388 1389 ]
[1406 1405 1389 1390 ]
[1407 1406 1390 1391 ]
[1392 1407 1391 1376 ]
[1409 1408 1392 1393 ]
[1410 1409 1393 1394 ]
[1411 1410 1394 1395 ]
[1412 1411 1395 1396 ]
[1413 1412 1396 1397 ]
[1414 1413 1397 1398 ]
[1415 1414 1398 1399 ]
[1416 1415 1399 1400 ]
[1417 1416 1400 1401 ]
[1418 1417 1401 1402 ]
[1419 1418 1402 1403 ]
[1420 1419 1403 1404 ]
[1421 1420 1404 1405 ]
[1422 1421 1405 1406 ]
[1423 1422 1406 1407 ]
[1408 1423 1407 1392 ]
[1425 1424 1408 1409 ]
[1426 1425 1409 1410 ]
[1427 1426 1410 1411 ]
[1428 1427 1411 1412 ]
[1429 1428 1412 1413 ]
[1430 1429 1413 1414 ]
[1431 1430 1414 1415 ]
[1432 1431 1415 1416 ]
[1433 1432 1416 1417 ]
[1434 1433 1417 1418 ]
[1435 1434 1418 1419 ]
[1436 1435 1419 1420 ]
[1437 1436 1420 1421 ]
[1438 1437 1421 1422 ]
[1439 1438 1422 1423 ]
[1424 1439 1423 1408 ]
