% Daily rainfall (mm) measured at the weather station 18700 OSLO - BLINDERN
% Period: 2005-01-01 to 2005-12-31
% Data downloaded from http://www.met.no
1 0
2 4.4
3 0
4 0.3
5 0.1
6 0
7 0
8 0.6
9 11.4
10 5.4
11 0.5
12 1.0
13 0.0
14 0
15 0
16 0.1
17 0.0
18 0.1
19 7.9
20 2.0
21 1.5
22 0
23 0
24 0.0
25 0
26 0.0
27 0.0
28 0.5
29 0.1
30 0.0
31 0
32 0
33 0
34 0
35 0.0
36 1.5
37 0
38 0
39 0.0
40 0.0
41 7.6
42 0.1
43 0
44 0.1
45 0
46 0.0
47 0.0
48 0.0
49 0.0
50 0.5
51 0
52 0.2
53 0.0
54 0.0
55 0.0
56 0
57 0
58 0
59 0.0
60 2.9
61 0
62 0
63 0
64 0.7
65 0
66 0
67 0
68 0.0
69 0
70 6.7
71 7.4
72 0
73 1.7
74 0.0
75 1.5
76 3.9
77 0.0
78 0.0
79 0
80 0
81 0.0
82 0
83 0.0
84 0
85 0
86 0
87 0
88 0
89 0
90 0
91 0
92 0
93 0
94 0.0
95 0.3
96 0.2
97 7.6
98 7.9
99 0.3
100 0
101 0.0
102 0
103 0.0
104 0.0
105 0
106 0
107 0.0
108 0.0
109 0
110 0
111 0
112 0
113 0
114 0
115 0
116 0
117 0
118 0
119 0
120 13.8
121 0.0
122 1.9
123 7.1
124 0.1
125 0.0
126 0
127 0.3
128 0.0
129 9.2
130 0.2
131 0.6
132 0.0
133 0
134 1.7
135 0
136 4.5
137 0.3
138 0.0
139 0.0
140 6.0
141 11.1
142 20.0
143 0.0
144 8.9
145 0.5
146 11.5
147 8.0
148 0
149 7.4
150 0
151 0
152 0.0
153 0
154 0.2
155 3.0
156 9.3
157 1.1
158 0
159 0
160 0
161 0
162 0.0
163 1.3
164 13.9
165 6.9
166 0.1
167 0
168 0.1
169 5.4
170 0
171 0.1
172 0
173 0.0
174 0
175 0
176 0.0
177 0
178 0
179 0
180 0
181 0
182 1.0
183 1.2
184 0.0
185 0.1
186 0.0
187 0.0
188 0
189 0
190 0
191 0.0
192 0
193 0
194 0
195 0.0
196 0
197 9.2
198 8.4
199 0
200 0
201 33.9
202 20.6
203 0.3
204 0.4
205 0.0
206 0.2
207 1.0
208 0.1
209 3.4
210 0.0
211 0
212 0.0
213 17.6
214 2.8
215 0.8
216 2.7
217 0.1
218 11.5
219 6.1
220 2.8
221 11.8
222 0.4
223 2.0
224 2.3
225 0
226 0
227 0
228 0
229 0
230 0
231 0
232 0
233 0.5
234 0
235 18.5
236 4.5
237 1.1
238 14.2
239 0
240 2.4
241 0.1
242 1.4
243 0
244 0
245 5.4
246 6.5
247 0
248 0
249 0
250 0
251 3.3
252 0.0
253 0
254 0
255 0
256 0
257 13.6
258 0.3
259 0.0
260 0
261 0.0
262 0.0
263 0
264 1.0
265 0
266 0
267 0.0
268 0
269 0.2
270 0.0
271 1.5
272 0.7
273 2.2
274 8.0
275 13.7
276 0
277 0
278 0
279 0
280 0
281 0.1
282 0.1
283 2.5
284 0.1
285 0.1
286 0
287 2.1
288 0
289 0
290 0
291 0
292 0
293 0.0
294 14.7
295 3.0
296 19.0
297 0.0
298 0
299 11.0
300 0
301 2.6
302 4.0
303 0.7
304 2.5
305 3.3
306 16.6
307 7.5
308 37.7
309 0
310 6.0
311 2.8
312 0
313 0.1
314 1.6
315 4.3
316 3.1
317 0
318 0.1
319 0
320 0
321 0
322 0
323 0
324 0
325 1.4
326 1.5
327 0.1
328 0.0
329 26.0
330 2.1
331 0.1
332 0.7
333 1.2
334 0
335 1.3
336 5.8
337 0.6
338 0.1
339 1.9
340 3.9
341 6.4
342 1.9
343 0.0
344 0
345 3.2
346 0
347 0
348 0.0
349 0
350 0
351 0
352 0.4
353 0
354 3.5
355 0
356 1.4
357 0.6
358 0.8
359 0
360 0
361 0.0
362 0.0
363 0.1
364 6.8
365 1.6
