% Daily average temperatures measured at the weather station 18700 OSLO - BLINDERN
% Period: 2005-01-01 to 2005-12-31
% Data downloaded from http://www.met.no
1 -1.5
2 3.4
3 2.2
4 0.9
5 0.4
6 4.1
7 7.0
8 4.8
9 2.9
10 6.6
11 5.4
12 5.5
13 6.2
14 0.5
15 -1.1
16 5.2
17 6.3
18 3.8
19 -0.7
20 0.1
21 -1.4
22 -1.5
23 -2.1
24 -0.6
25 -2.4
26 -2.4
27 0.0
28 -0.4
29 -0.7
30 -1.6
31 3.5
32 2.3
33 2.7
34 -0.9
35 2.5
36 4.5
37 1.2
38 -1.1
39 -1.7
40 -0.5
41 3.8
42 1.6
43 -1.3
44 -0.2
45 -0.9
46 -3.7
47 -6.4
48 -3.4
49 0.9
50 2.0
51 1.1
52 0.4
53 -5.2
54 -7.8
55 -5.3
56 -1.4
57 -1.8
58 -3.4
59 -2.1
60 -9.0
61 -11.7
62 -10.0
63 -2.8
64 -2.7
65 -2.3
66 2.2
67 2.8
68 0.7
69 0.3
70 0.8
71 -5.3
72 -7.8
73 -5.1
74 -5.3
75 -2.0
76 0.6
77 0.4
78 -4.6
79 -2.0
80 -2.4
81 0.1
82 -0.1
83 2.8
84 1.3
85 6.2
86 6.7
87 6.0
88 6.0
89 5.8
90 4.7
91 3.5
92 5.2
93 5.8
94 5.3
95 7.1
96 4.0
97 4.6
98 4.1
99 5.1
100 4.5
101 10.1
102 9.1
103 5.9
104 6.7
105 7.9
106 8.4
107 7.0
108 6.9
109 7.5
110 6.2
111 7.7
112 6.8
113 6.4
114 8.1
115 9.6
116 10.9
117 9.7
118 9.9
119 7.8
120 9.0
121 10.3
122 8.5
123 10.3
124 9.4
125 7.4
126 9.0
127 7.8
128 4.7
129 6.6
130 9.1
131 11.1
132 11.2
133 10.7
134 11.9
135 11.8
136 4.7
137 7.3
138 6.5
139 8.9
140 8.5
141 9.9
142 12.1
143 14.2
144 11.9
145 10.1
146 11.1
147 13.6
148 9.3
149 11.8
150 11.8
151 9.8
152 10.7
153 9.2
154 9.8
155 11.9
156 13.8
157 10.2
158 12.4
159 12.7
160 15.1
161 13.8
162 13.3
163 10.9
164 10.8
165 11.0
166 15.7
167 15.9
168 13.7
169 15.4
170 17.5
171 16.9
172 17.4
173 19.1
174 18.7
175 18.6
176 16.6
177 16.0
178 16.4
179 16.5
180 16.8
181 18.6
182 17.4
183 18.4
184 18.6
185 20.2
186 21.7
187 21.9
188 22.4
189 23.4
190 24.2
191 22.1
192 24.8
193 23.3
194 21.2
195 18.4
196 16.2
197 15.6
198 18.0
199 20.3
200 18.1
201 15.8
202 16.8
203 18.3
204 16.5
205 15.4
206 14.8
207 15.5
208 16.2
209 16.1
210 16.6
211 18.9
212 14.2
213 16.5
214 15.0
215 15.2
216 16.5
217 15.6
218 12.9
219 13.8
220 14.5
221 15.1
222 20.6
223 17.8
224 18.0
225 16.4
226 17.0
227 17.2
228 16.9
229 15.6
230 16.8
231 18.4
232 18.1
233 19.4
234 17.8
235 15.8
236 15.4
237 12.7
238 13.1
239 11.6
240 12.7
241 17.6
242 14.8
243 13.5
244 15.4
245 14.1
246 14.2
247 13.8
248 15.9
249 16.6
250 15.8
251 15.9
252 11.7
253 11.4
254 10.9
255 13.5
256 10.3
257 15.6
258 9.9
259 7.4
260 8.0
261 11.3
262 14.0
263 14.0
264 11.5
265 11.9
266 13.5
267 13.1
268 8.3
269 13.3
270 13.6
271 11.1
272 8.8
273 10.6
274 11.6
275 10.5
276 10.2
277 10.6
278 10.1
279 8.9
280 11.6
281 10.8
282 13.0
283 11.2
284 13.2
285 11.1
286 10.5
287 10.7
288 5.7
289 5.0
290 3.3
291 2.6
292 2.6
293 1.6
294 6.5
295 5.2
296 1.7
297 0.0
298 -0.3
299 2.8
300 2.5
301 8.3
302 11.0
303 10.1
304 10.4
305 9.3
306 9.3
307 9.4
308 11.9
309 9.9
310 8.2
311 10.5
312 8.0
313 10.4
314 7.1
315 5.1
316 8.8
317 7.9
318 7.3
319 7.6
320 1.0
321 -0.5
322 0.7
323 0.4
324 1.0
325 1.2
326 2.0
327 1.0
328 3.0
329 3.6
330 1.7
331 1.0
332 -0.7
333 -5.6
334 -4.6
335 -3.4
336 1.1
337 0.4
338 0.4
339 1.0
340 1.6
341 1.3
342 0.4
343 -2.0
344 -1.9
345 1.9
346 3.4
347 0.4
348 -0.3
349 1.3
350 -1.7
351 -2.0
352 -1.8
353 -4.7
354 -4.9
355 -5.6
356 -0.6
357 -1.5
358 0.7
359 1.7
360 -0.2
361 -4.9
362 -6.1
363 -4.4
364 -3.2
365 -2.0
